1	0.006059
2	0.002471
3	0.002117
4	0.001955
5	0.001863
6	0.001801
7	0.001756
8	0.001720
9	0.001691
10	0.001666
11	0.001644
12	0.001624
13	0.001606
14	0.001590
15	0.001574
16	0.001560
17	0.001546
18	0.001532
19	0.001519
20	0.001506
21	0.001494
22	0.001481
23	0.001469
24	0.001457
25	0.001445
26	0.001433
27	0.001421
28	0.001409
29	0.001397
30	0.001385
31	0.001373
32	0.001361
33	0.001349
34	0.001336
35	0.001324
36	0.001312
37	0.001299
38	0.001286
39	0.001273
40	0.001260
41	0.001247
42	0.001234
43	0.001220
44	0.001207
45	0.001193
46	0.001179
47	0.001165
48	0.001151
49	0.001137
50	0.001122
51	0.001108
52	0.001093
53	0.001078
54	0.001064
55	0.001049
56	0.001034
57	0.001019
58	0.001004
59	0.000990
60	0.000975
61	0.000961
62	0.000947
63	0.000933
64	0.000919
65	0.000906
66	0.000894
67	0.000882
68	0.000871
69	0.000860
70	0.000851
71	0.000842
72	0.000834
73	0.000828
74	0.000822
75	0.000818
76	0.000815
77	0.000813
78	0.000812
79	0.000813
80	0.000815
81	0.000819
82	0.000823
83	0.000829
84	0.000836
85	0.000844
86	0.000853
87	0.000863
88	0.000874
89	0.000886
90	0.000899
91	0.000912
92	0.000927
93	0.000941
94	0.000956
95	0.000972
96	0.000988
97	0.001005
98	0.001021
99	0.001038
100	0.001056
101	0.001074
102	0.001092
103	0.001110
104	0.001129
105	0.001148
106	0.001167
107	0.001187
108	0.001207
109	0.001227
110	0.001248
111	0.001269
112	0.001290
113	0.001311
114	0.001332
115	0.001354
116	0.001375
117	0.001396
118	0.001417
119	0.001438
120	0.001458
121	0.001477
122	0.001496
123	0.001514
124	0.001531
125	0.001547
126	0.001563
127	0.001576
128	0.001589
129	0.001600
130	0.001610
131	0.001619
132	0.001626
133	0.001631
134	0.001636
135	0.001638
136	0.001639
137	0.001639
138	0.001637
139	0.001633
140	0.001629
141	0.001623
142	0.001616
143	0.001607
144	0.001598
145	0.001587
146	0.001576
147	0.001563
148	0.001550
149	0.001536
150	0.001521
151	0.001506
152	0.001490
153	0.001474
154	0.001458
155	0.001441
156	0.001423
157	0.001406
158	0.001389
159	0.001371
160	0.001353
161	0.001336
162	0.001318
163	0.001301
164	0.001283
165	0.001266
166	0.001249
167	0.001232
168	0.001216
169	0.001199
170	0.001183
171	0.001168
172	0.001152
173	0.001137
174	0.001122
175	0.001108
176	0.001094
177	0.001080
178	0.001067
179	0.001054
180	0.001042
181	0.001030
182	0.001019
183	0.001007
184	0.000997
185	0.000987
186	0.000977
187	0.000968
188	0.000959
189	0.000950
190	0.000942
191	0.000935
192	0.000928
193	0.000921
194	0.000915
195	0.000910
196	0.000904
197	0.000899
198	0.000895
199	0.000891
200	0.000888
201	0.000885
202	0.000882
203	0.000879
204	0.000878
205	0.000876
206	0.000875
207	0.000874
208	0.000873
209	0.000873
210	0.000873
211	0.000873
212	0.000874
213	0.000874
214	0.000875
215	0.000877
216	0.000878
217	0.000880
218	0.000881
219	0.000883
220	0.000885
221	0.000887
222	0.000889
223	0.000891
224	0.000893
225	0.000896
226	0.000898
227	0.000900
228	0.000902
229	0.000904
230	0.000906
231	0.000908
232	0.000910
233	0.000912
234	0.000914
235	0.000915
236	0.000917
237	0.000918
238	0.000919
239	0.000920
240	0.000921
241	0.000922
242	0.000922
243	0.000923
244	0.000923
245	0.000923
246	0.000922
247	0.000922
248	0.000921
249	0.000920
250	0.000918
251	0.000917
252	0.000915
253	0.000913
254	0.000911
255	0.000909
256	0.000906
257	0.000903
258	0.000900
259	0.000897
260	0.000893
261	0.000889
262	0.000885
263	0.000881
264	0.000877
265	0.000873
266	0.000868
267	0.000863
268	0.000858
269	0.000853
270	0.000848
271	0.000843
272	0.000837
273	0.000832
274	0.000826
275	0.000821
276	0.000815
277	0.000810
278	0.000804
279	0.000799
280	0.000793
281	0.000787
282	0.000782
283	0.000777
284	0.000771
285	0.000766
286	0.000761
287	0.000756
288	0.000751
289	0.000746
290	0.000742
291	0.000737
292	0.000733
293	0.000729
294	0.000725
295	0.000721
296	0.000717
297	0.000714
298	0.000711
299	0.000708
300	0.000705
301	0.000702
302	0.000699
303	0.000697
304	0.000695
305	0.000692
306	0.000690
307	0.000688
308	0.000687
309	0.000685
310	0.000683
311	0.000682
312	0.000680
313	0.000678
314	0.000677
315	0.000675
316	0.000674
317	0.000672
318	0.000671
319	0.000669
320	0.000667
321	0.000665
322	0.000663
323	0.000661
324	0.000659
325	0.000657
326	0.000655
327	0.000652
328	0.000649
329	0.000647
330	0.000644
331	0.000640
332	0.000637
333	0.000633
334	0.000630
335	0.000626
336	0.000622
337	0.000617
338	0.000613
339	0.000608
340	0.000603
341	0.000598
342	0.000593
343	0.000587
344	0.000582
345	0.000576
346	0.000570
347	0.000564
348	0.000557
349	0.000551
350	0.000544
351	0.000537
352	0.000530
353	0.000523
354	0.000516
355	0.000509
356	0.000502
357	0.000494
358	0.000487
359	0.000479
360	0.000472
361	0.000464
362	0.000456
363	0.000449
364	0.000441
365	0.000434
366	0.000426
367	0.000419
368	0.000411
369	0.000404
370	0.000397
371	0.000390
372	0.000384
373	0.000377
374	0.000371
375	0.000365
376	0.000359
377	0.000353
378	0.000348
379	0.000343
380	0.000339
381	0.000334
382	0.000331
383	0.000327
384	0.000324
385	0.000322
386	0.000319
387	0.000318
388	0.000316
389	0.000315
390	0.000315
391	0.000314
392	0.000315
393	0.000315
394	0.000316
395	0.000317
396	0.000319
397	0.000321
398	0.000323
399	0.000325
400	0.000327
401	0.000330
402	0.000333
403	0.000336
404	0.000339
405	0.000342
406	0.000345
407	0.000349
408	0.000352
409	0.000355
410	0.000359
411	0.000362
412	0.000365
413	0.000368
414	0.000372
415	0.000375
416	0.000378
417	0.000381
418	0.000384
419	0.000387
420	0.000389
421	0.000392
422	0.000394
423	0.000397
424	0.000399
425	0.000402
426	0.000404
427	0.000406
428	0.000408
429	0.000410
430	0.000412
431	0.000414
432	0.000415
433	0.000417
434	0.000419
435	0.000421
436	0.000422
437	0.000424
438	0.000426
439	0.000427
440	0.000429
441	0.000431
442	0.000433
443	0.000435
444	0.000437
445	0.000439
446	0.000441
447	0.000443
448	0.000446
449	0.000449
450	0.000451
451	0.000454
452	0.000457
453	0.000460
454	0.000464
455	0.000468
456	0.000471
457	0.000475
458	0.000479
459	0.000484
460	0.000488
461	0.000493
462	0.000498
463	0.000503
464	0.000508
465	0.000514
466	0.000519
467	0.000525
468	0.000531
469	0.000537
470	0.000543
471	0.000549
472	0.000555
473	0.000562
474	0.000568
475	0.000574
476	0.000581
477	0.000587
478	0.000593
479	0.000599
480	0.000606
481	0.000612
482	0.000618
483	0.000624
484	0.000629
485	0.000635
486	0.000640
487	0.000646
488	0.000651
489	0.000656
490	0.000660
491	0.000665
492	0.000669
493	0.000673
494	0.000677
495	0.000680
496	0.000683
497	0.000686
498	0.000688
499	0.000691
500	0.000693
501	0.000694
502	0.000695
503	0.000696
504	0.000697
505	0.000697
506	0.000697
507	0.000696
508	0.000696
509	0.000694
510	0.000693
511	0.000691
512	0.000689
513	0.000686
514	0.000683
515	0.000680
516	0.000677
517	0.000673
518	0.000669
519	0.000664
520	0.000659
521	0.000654
522	0.000648
523	0.000643
524	0.000636
525	0.000630
526	0.000623
527	0.000616
528	0.000609
529	0.000602
530	0.000594
531	0.000586
532	0.000578
533	0.000570
534	0.000561
535	0.000552
536	0.000543
537	0.000534
538	0.000525
539	0.000515
540	0.000506
541	0.000496
542	0.000486
543	0.000476
544	0.000466
545	0.000456
546	0.000445
547	0.000435
548	0.000425
549	0.000414
550	0.000404
551	0.000393
552	0.000383
553	0.000373
554	0.000362
555	0.000352
556	0.000342
557	0.000332
558	0.000321
559	0.000311
560	0.000302
561	0.000292
562	0.000282
563	0.000273
564	0.000264
565	0.000255
566	0.000246
567	0.000238
568	0.000230
569	0.000223
570	0.000215
571	0.000209
572	0.000202
573	0.000197
574	0.000191
575	0.000187
576	0.000183
577	0.000179
578	0.000177
579	0.000175
580	0.000173
581	0.000172
582	0.000173
583	0.000173
584	0.000175
585	0.000176
586	0.000179
587	0.000182
588	0.000186
589	0.000189
590	0.000194
591	0.000199
592	0.000204
593	0.000209
594	0.000214
595	0.000220
596	0.000226
597	0.000232
598	0.000238
599	0.000244
600	0.000250
601	0.000256
602	0.000263
603	0.000269
604	0.000275
605	0.000281
606	0.000288
607	0.000294
608	0.000300
609	0.000306
610	0.000311
611	0.000317
612	0.000323
613	0.000328
614	0.000334
615	0.000339
616	0.000344
617	0.000349
618	0.000354
619	0.000359
620	0.000363
621	0.000368
622	0.000372
623	0.000376
624	0.000380
625	0.000383
626	0.000387
627	0.000390
628	0.000393
629	0.000396
630	0.000399
631	0.000402
632	0.000404
633	0.000406
634	0.000408
635	0.000410
636	0.000412
637	0.000413
638	0.000414
639	0.000415
640	0.000416
641	0.000417
642	0.000418
643	0.000418
644	0.000418
645	0.000418
646	0.000418
647	0.000417
648	0.000417
649	0.000416
650	0.000415
651	0.000414
652	0.000413
653	0.000412
654	0.000410
655	0.000409
656	0.000407
657	0.000405
658	0.000403
659	0.000401
660	0.000399
661	0.000396
662	0.000394
663	0.000391
664	0.000389
665	0.000386
666	0.000383
667	0.000380
668	0.000377
669	0.000374
670	0.000371
671	0.000368
672	0.000365
673	0.000362
674	0.000359
675	0.000356
676	0.000353
677	0.000349
678	0.000346
679	0.000343
680	0.000340
681	0.000337
682	0.000334
683	0.000331
684	0.000329
685	0.000326
686	0.000323
687	0.000321
688	0.000318
689	0.000316
690	0.000314
691	0.000312
692	0.000310
693	0.000308
694	0.000306
695	0.000305
696	0.000304
697	0.000302
698	0.000301
699	0.000301
700	0.000300
701	0.000299
702	0.000299
703	0.000299
704	0.000299
705	0.000299
706	0.000299
707	0.000300
708	0.000300
709	0.000301
710	0.000302
711	0.000302
712	0.000304
713	0.000305
714	0.000306
715	0.000307
716	0.000309
717	0.000310
718	0.000312
719	0.000314
720	0.000315
721	0.000317
722	0.000319
723	0.000321
724	0.000322
725	0.000324
726	0.000326
727	0.000328
728	0.000330
729	0.000332
730	0.000334
731	0.000335
732	0.000337
733	0.000339
734	0.000341
735	0.000342
736	0.000344
737	0.000345
738	0.000347
739	0.000348
740	0.000350
741	0.000351
742	0.000353
743	0.000354
744	0.000355
745	0.000356
746	0.000357
747	0.000358
748	0.000359
749	0.000360
750	0.000361
751	0.000361
752	0.000362
753	0.000362
754	0.000363
755	0.000363
756	0.000364
757	0.000364
758	0.000364
759	0.000365
760	0.000365
761	0.000365
762	0.000365
763	0.000365
764	0.000365
765	0.000365
766	0.000365
767	0.000365
768	0.000365
769	0.000365
770	0.000365
771	0.000365
772	0.000364
773	0.000364
774	0.000364
775	0.000364
776	0.000364
777	0.000363
778	0.000363
779	0.000363
780	0.000363
781	0.000363
782	0.000363
783	0.000362
784	0.000362
785	0.000362
786	0.000362
787	0.000362
788	0.000362
789	0.000362
790	0.000362
791	0.000362
792	0.000362
793	0.000362
794	0.000363
795	0.000363
796	0.000363
797	0.000363
798	0.000364
799	0.000364
800	0.000365
801	0.000365
802	0.000365
803	0.000366
804	0.000367
805	0.000367
806	0.000368
807	0.000368
808	0.000369
809	0.000370
810	0.000371
811	0.000371
812	0.000372
813	0.000373
814	0.000374
815	0.000375
816	0.000376
817	0.000376
818	0.000377
819	0.000378
820	0.000379
821	0.000380
822	0.000381
823	0.000382
824	0.000383
825	0.000384
826	0.000385
827	0.000386
828	0.000387
829	0.000388
830	0.000389
831	0.000390
832	0.000391
833	0.000392
834	0.000393
835	0.000394
836	0.000395
837	0.000396
838	0.000397
839	0.000398
840	0.000399
841	0.000400
842	0.000401
843	0.000402
844	0.000403
845	0.000403
846	0.000404
847	0.000405
848	0.000406
849	0.000406
850	0.000407
851	0.000408
852	0.000408
853	0.000409
854	0.000410
855	0.000410
856	0.000411
857	0.000411
858	0.000412
859	0.000412
860	0.000412
861	0.000413
862	0.000413
863	0.000413
864	0.000413
865	0.000414
866	0.000414
867	0.000414
868	0.000414
869	0.000414
870	0.000414
871	0.000414
872	0.000414
873	0.000414
874	0.000414
875	0.000414
876	0.000413
877	0.000413
878	0.000413
879	0.000412
880	0.000412
881	0.000412
882	0.000411
883	0.000411
884	0.000410
885	0.000410
886	0.000409
887	0.000408
888	0.000408
889	0.000407
890	0.000406
891	0.000406
892	0.000405
893	0.000404
894	0.000403
895	0.000402
896	0.000401
897	0.000400
898	0.000399
899	0.000398
900	0.000397
901	0.000396
902	0.000395
903	0.000394
904	0.000393
905	0.000392
906	0.000391
907	0.000389
908	0.000388
909	0.000387
910	0.000386
911	0.000384
912	0.000383
913	0.000382
914	0.000380
915	0.000379
916	0.000377
917	0.000376
918	0.000375
919	0.000373
920	0.000372
921	0.000370
922	0.000369
923	0.000367
924	0.000365
925	0.000364
926	0.000362
927	0.000361
928	0.000359
929	0.000357
930	0.000356
931	0.000354
932	0.000352
933	0.000351
934	0.000349
935	0.000347
936	0.000346
937	0.000344
938	0.000342
939	0.000340
940	0.000338
941	0.000337
942	0.000335
943	0.000333
944	0.000331
945	0.000329
946	0.000327
947	0.000325
948	0.000323
949	0.000321
950	0.000319
951	0.000317
952	0.000315
953	0.000313
954	0.000311
955	0.000309
956	0.000306
957	0.000304
958	0.000302
959	0.000300
960	0.000297
961	0.000295
962	0.000293
963	0.000290
964	0.000288
965	0.000285
966	0.000283
967	0.000280
968	0.000278
969	0.000275
970	0.000273
971	0.000270
972	0.000267
973	0.000265
974	0.000262
975	0.000259
976	0.000256
977	0.000253
978	0.000250
979	0.000247
980	0.000244
981	0.000241
982	0.000238
983	0.000235
984	0.000232
985	0.000229
986	0.000226
987	0.000222
988	0.000219
989	0.000216
990	0.000212
991	0.000209
992	0.000206
993	0.000202
994	0.000199
995	0.000195
996	0.000192
997	0.000188
998	0.000184
999	0.000181
1000	0.000177
1001	0.000174
1002	0.000170
1003	0.000166
1004	0.000162
1005	0.000159
1006	0.000155
1007	0.000151
1008	0.000147
1009	0.000144
1010	0.000140
1011	0.000136
1012	0.000132
1013	0.000129
1014	0.000125
1015	0.000121
1016	0.000117
1017	0.000114
1018	0.000110
1019	0.000106
1020	0.000103
1021	0.000099
1022	0.000096
1023	0.000093
1024	0.000089
1025	0.000086
1026	0.000083
1027	0.000080
1028	0.000078
1029	0.000075
1030	0.000073
1031	0.000071
1032	0.000068
1033	0.000067
1034	0.000065
1035	0.000064
1036	0.000063
1037	0.000062
1038	0.000062
1039	0.000062
1040	0.000062
1041	0.000063
1042	0.000063
1043	0.000064
1044	0.000066
1045	0.000067
1046	0.000069
1047	0.000071
1048	0.000073
1049	0.000075
1050	0.000077
1051	0.000080
1052	0.000082
1053	0.000085
1054	0.000088
1055	0.000090
1056	0.000093
1057	0.000096
1058	0.000098
1059	0.000101
1060	0.000104
1061	0.000107
1062	0.000110
1063	0.000112
1064	0.000115
1065	0.000118
1066	0.000120
1067	0.000123
1068	0.000126
1069	0.000128
1070	0.000131
1071	0.000133
1072	0.000136
1073	0.000138
1074	0.000140
1075	0.000143
1076	0.000145
1077	0.000147
1078	0.000149
1079	0.000151
1080	0.000153
1081	0.000155
1082	0.000157
1083	0.000159
1084	0.000161
1085	0.000162
1086	0.000164
1087	0.000165
1088	0.000167
1089	0.000168
1090	0.000170
1091	0.000171
1092	0.000172
1093	0.000173
1094	0.000174
1095	0.000175
1096	0.000176
1097	0.000177
1098	0.000178
1099	0.000179
1100	0.000179
1101	0.000180
1102	0.000180
1103	0.000181
1104	0.000181
1105	0.000182
1106	0.000182
1107	0.000182
1108	0.000182
1109	0.000182
1110	0.000182
1111	0.000182
1112	0.000182
1113	0.000182
1114	0.000182
1115	0.000181
1116	0.000181
1117	0.000181
1118	0.000180
1119	0.000180
1120	0.000179
1121	0.000178
1122	0.000178
1123	0.000177
1124	0.000176
1125	0.000175
1126	0.000174
1127	0.000173
1128	0.000172
1129	0.000171
1130	0.000170
1131	0.000169
1132	0.000168
1133	0.000166
1134	0.000165
1135	0.000164
1136	0.000162
1137	0.000161
1138	0.000159
1139	0.000158
1140	0.000156
1141	0.000155
1142	0.000153
1143	0.000152
1144	0.000150
1145	0.000148
1146	0.000147
1147	0.000145
1148	0.000143
1149	0.000141
1150	0.000139
1151	0.000137
1152	0.000136
1153	0.000134
1154	0.000132
1155	0.000130
1156	0.000128
1157	0.000126
1158	0.000124
1159	0.000122
1160	0.000120
1161	0.000118
1162	0.000116
1163	0.000114
1164	0.000112
1165	0.000110
1166	0.000108
1167	0.000106
1168	0.000104
1169	0.000103
1170	0.000101
1171	0.000099
1172	0.000097
1173	0.000095
1174	0.000093
1175	0.000092
1176	0.000090
1177	0.000088
1178	0.000087
1179	0.000085
1180	0.000084
1181	0.000083
1182	0.000081
1183	0.000080
1184	0.000079
1185	0.000078
1186	0.000077
1187	0.000076
1188	0.000076
1189	0.000075
1190	0.000075
1191	0.000075
1192	0.000074
1193	0.000074
1194	0.000075
1195	0.000075
1196	0.000075
1197	0.000076
1198	0.000076
1199	0.000077
1200	0.000078
1201	0.000079
1202	0.000080
1203	0.000081
1204	0.000082
1205	0.000084
1206	0.000085
1207	0.000087
1208	0.000088
1209	0.000090
1210	0.000092
1211	0.000094
1212	0.000096
1213	0.000098
1214	0.000100
1215	0.000102
1216	0.000104
1217	0.000106
1218	0.000108
1219	0.000110
1220	0.000112
1221	0.000115
1222	0.000117
1223	0.000119
1224	0.000121
1225	0.000124
1226	0.000126
1227	0.000128
1228	0.000131
1229	0.000133
1230	0.000135
1231	0.000138
1232	0.000140
1233	0.000142
1234	0.000145
1235	0.000147
1236	0.000149
1237	0.000152
1238	0.000154
1239	0.000156
1240	0.000158
1241	0.000161
1242	0.000163
1243	0.000165
1244	0.000167
1245	0.000169
1246	0.000171
1247	0.000174
1248	0.000176
1249	0.000178
1250	0.000180
1251	0.000182
1252	0.000184
1253	0.000186
1254	0.000188
1255	0.000190
1256	0.000192
1257	0.000194
1258	0.000195
1259	0.000197
1260	0.000199
1261	0.000201
1262	0.000202
1263	0.000204
1264	0.000206
1265	0.000208
1266	0.000209
1267	0.000211
1268	0.000212
1269	0.000214
1270	0.000215
1271	0.000217
1272	0.000218
1273	0.000220
1274	0.000221
1275	0.000222
1276	0.000224
1277	0.000225
1278	0.000226
1279	0.000227
1280	0.000228
1281	0.000229
1282	0.000231
1283	0.000232
1284	0.000233
1285	0.000234
1286	0.000235
1287	0.000235
1288	0.000236
1289	0.000237
1290	0.000238
1291	0.000239
1292	0.000240
1293	0.000240
1294	0.000241
1295	0.000242
1296	0.000242
1297	0.000243
1298	0.000243
1299	0.000244
1300	0.000244
1301	0.000245
1302	0.000245
1303	0.000245
1304	0.000246
1305	0.000246
1306	0.000246
1307	0.000246
1308	0.000247
1309	0.000247
1310	0.000247
1311	0.000247
1312	0.000247
1313	0.000247
1314	0.000247
1315	0.000247
1316	0.000247
1317	0.000247
1318	0.000247
1319	0.000246
1320	0.000246
1321	0.000246
1322	0.000246
1323	0.000245
1324	0.000245
1325	0.000245
1326	0.000244
1327	0.000244
1328	0.000244
1329	0.000243
1330	0.000243
1331	0.000242
1332	0.000241
1333	0.000241
1334	0.000240
1335	0.000240
1336	0.000239
1337	0.000238
1338	0.000238
1339	0.000237
1340	0.000236
1341	0.000235
1342	0.000234
1343	0.000234
1344	0.000233
1345	0.000232
1346	0.000231
1347	0.000230
1348	0.000229
1349	0.000228
1350	0.000227
1351	0.000226
1352	0.000225
1353	0.000224
1354	0.000223
1355	0.000222
1356	0.000221
1357	0.000220
1358	0.000219
1359	0.000218
1360	0.000216
1361	0.000215
1362	0.000214
1363	0.000213
1364	0.000212
1365	0.000211
1366	0.000209
1367	0.000208
1368	0.000207
1369	0.000206
1370	0.000204
1371	0.000203
1372	0.000202
1373	0.000200
1374	0.000199
1375	0.000198
1376	0.000197
1377	0.000195
1378	0.000194
1379	0.000193
1380	0.000191
1381	0.000190
1382	0.000189
1383	0.000187
1384	0.000186
1385	0.000185
1386	0.000183
1387	0.000182
1388	0.000181
1389	0.000179
1390	0.000178
1391	0.000177
1392	0.000175
1393	0.000174
1394	0.000173
1395	0.000172
1396	0.000170
1397	0.000169
1398	0.000168
1399	0.000166
1400	0.000165
1401	0.000164
1402	0.000163
1403	0.000161
1404	0.000160
1405	0.000159
1406	0.000158
1407	0.000157
1408	0.000156
1409	0.000154
1410	0.000153
1411	0.000152
1412	0.000151
1413	0.000150
1414	0.000149
1415	0.000148
1416	0.000147
1417	0.000146
1418	0.000145
1419	0.000144
1420	0.000143
1421	0.000142
1422	0.000141
1423	0.000140
1424	0.000139
1425	0.000139
1426	0.000138
1427	0.000137
1428	0.000136
1429	0.000135
1430	0.000135
1431	0.000134
1432	0.000133
1433	0.000132
1434	0.000132
1435	0.000131
1436	0.000131
1437	0.000130
1438	0.000129
1439	0.000129
1440	0.000128
1441	0.000128
1442	0.000127
1443	0.000127
1444	0.000127
1445	0.000126
1446	0.000126
1447	0.000125
1448	0.000125
1449	0.000125
1450	0.000124
1451	0.000124
1452	0.000124
1453	0.000123
1454	0.000123
1455	0.000123
1456	0.000123
1457	0.000123
1458	0.000122
1459	0.000122
1460	0.000122
1461	0.000122
1462	0.000122
1463	0.000122
1464	0.000122
1465	0.000121
1466	0.000121
1467	0.000121
1468	0.000121
1469	0.000121
1470	0.000121
1471	0.000121
1472	0.000121
1473	0.000121
1474	0.000121
1475	0.000121
1476	0.000121
1477	0.000121
1478	0.000121
1479	0.000121
1480	0.000121
1481	0.000121
1482	0.000121
1483	0.000121
1484	0.000121
1485	0.000121
1486	0.000121
1487	0.000121
1488	0.000121
1489	0.000121
1490	0.000121
1491	0.000121
1492	0.000121
1493	0.000121
1494	0.000121
1495	0.000121
1496	0.000121
1497	0.000121
1498	0.000120
1499	0.000120
1500	0.000120
1501	0.000120
1502	0.000120
1503	0.000120
1504	0.000120
1505	0.000120
1506	0.000120
1507	0.000120
1508	0.000119
1509	0.000119
1510	0.000119
1511	0.000119
1512	0.000119
1513	0.000119
1514	0.000118
1515	0.000118
1516	0.000118
1517	0.000118
1518	0.000117
1519	0.000117
1520	0.000117
1521	0.000117
1522	0.000116
1523	0.000116
1524	0.000116
1525	0.000115
1526	0.000115
1527	0.000115
1528	0.000114
1529	0.000114
1530	0.000114
1531	0.000113
1532	0.000113
1533	0.000112
1534	0.000112
1535	0.000112
1536	0.000111
1537	0.000111
1538	0.000110
1539	0.000110
1540	0.000109
1541	0.000109
1542	0.000108
1543	0.000108
1544	0.000108
1545	0.000107
1546	0.000107
1547	0.000106
1548	0.000106
1549	0.000105
1550	0.000105
1551	0.000104
1552	0.000104
1553	0.000103
1554	0.000102
1555	0.000102
1556	0.000101
1557	0.000101
1558	0.000100
1559	0.000100
1560	0.000099
1561	0.000099
1562	0.000098
1563	0.000098
1564	0.000097
1565	0.000097
1566	0.000096
1567	0.000096
1568	0.000095
1569	0.000095
1570	0.000095
1571	0.000094
1572	0.000094
1573	0.000093
1574	0.000093
1575	0.000092
1576	0.000092
1577	0.000092
1578	0.000091
1579	0.000091
1580	0.000091
1581	0.000090
1582	0.000090
1583	0.000090
1584	0.000090
1585	0.000089
1586	0.000089
1587	0.000089
1588	0.000089
1589	0.000089
1590	0.000088
1591	0.000088
1592	0.000088
1593	0.000088
1594	0.000088
1595	0.000088
1596	0.000088
1597	0.000088
1598	0.000088
1599	0.000088
1600	0.000088
1601	0.000088
1602	0.000088
1603	0.000088
1604	0.000089
1605	0.000089
1606	0.000089
1607	0.000089
1608	0.000090
1609	0.000090
1610	0.000090
1611	0.000090
1612	0.000091
1613	0.000091
1614	0.000092
1615	0.000092
1616	0.000092
1617	0.000093
1618	0.000093
1619	0.000094
1620	0.000094
1621	0.000095
1622	0.000095
1623	0.000096
1624	0.000097
1625	0.000097
1626	0.000098
1627	0.000098
1628	0.000099
1629	0.000100
1630	0.000100
1631	0.000101
1632	0.000102
1633	0.000102
1634	0.000103
1635	0.000104
1636	0.000104
1637	0.000105
1638	0.000106
1639	0.000107
1640	0.000107
1641	0.000108
1642	0.000109
1643	0.000110
1644	0.000110
1645	0.000111
1646	0.000112
1647	0.000113
1648	0.000114
1649	0.000114
1650	0.000115
1651	0.000116
1652	0.000117
1653	0.000117
1654	0.000118
1655	0.000119
1656	0.000120
1657	0.000121
1658	0.000121
1659	0.000122
1660	0.000123
1661	0.000124
1662	0.000125
1663	0.000125
1664	0.000126
1665	0.000127
1666	0.000128
1667	0.000128
1668	0.000129
1669	0.000130
1670	0.000131
1671	0.000131
1672	0.000132
1673	0.000133
1674	0.000134
1675	0.000134
1676	0.000135
1677	0.000136
1678	0.000136
1679	0.000137
1680	0.000138
1681	0.000139
1682	0.000139
1683	0.000140
1684	0.000140
1685	0.000141
1686	0.000142
1687	0.000142
1688	0.000143
1689	0.000144
1690	0.000144
1691	0.000145
1692	0.000145
1693	0.000146
1694	0.000146
1695	0.000147
1696	0.000148
1697	0.000148
1698	0.000149
1699	0.000149
1700	0.000150
1701	0.000150
1702	0.000150
1703	0.000151
1704	0.000151
1705	0.000152
1706	0.000152
1707	0.000153
1708	0.000153
1709	0.000153
1710	0.000154
1711	0.000154
1712	0.000155
1713	0.000155
1714	0.000155
1715	0.000156
1716	0.000156
1717	0.000156
1718	0.000156
1719	0.000157
1720	0.000157
1721	0.000157
1722	0.000157
1723	0.000158
1724	0.000158
1725	0.000158
1726	0.000158
1727	0.000158
1728	0.000158
1729	0.000159
1730	0.000159
1731	0.000159
1732	0.000159
1733	0.000159
1734	0.000159
1735	0.000159
1736	0.000159
1737	0.000159
1738	0.000159
1739	0.000159
1740	0.000159
1741	0.000159
1742	0.000159
1743	0.000159
1744	0.000159
1745	0.000159
1746	0.000159
1747	0.000159
1748	0.000159
1749	0.000159
1750	0.000159
1751	0.000159
1752	0.000158
1753	0.000158
1754	0.000158
1755	0.000158
1756	0.000158
1757	0.000158
1758	0.000157
1759	0.000157
1760	0.000157
1761	0.000157
1762	0.000156
1763	0.000156
1764	0.000156
1765	0.000156
1766	0.000155
1767	0.000155
1768	0.000155
1769	0.000154
1770	0.000154
1771	0.000154
1772	0.000153
1773	0.000153
1774	0.000152
1775	0.000152
1776	0.000152
1777	0.000151
1778	0.000151
1779	0.000150
1780	0.000150
1781	0.000149
1782	0.000149
1783	0.000148
1784	0.000148
1785	0.000147
1786	0.000147
1787	0.000146
1788	0.000146
1789	0.000145
1790	0.000145
1791	0.000144
1792	0.000144
1793	0.000143
1794	0.000142
1795	0.000142
1796	0.000141
1797	0.000140
1798	0.000140
1799	0.000139
1800	0.000139
1801	0.000138
1802	0.000137
1803	0.000137
1804	0.000136
1805	0.000135
1806	0.000135
1807	0.000134
1808	0.000133
1809	0.000132
1810	0.000132
1811	0.000131
1812	0.000130
1813	0.000129
1814	0.000129
1815	0.000128
1816	0.000127
1817	0.000126
1818	0.000126
1819	0.000125
1820	0.000124
1821	0.000123
1822	0.000122
1823	0.000121
1824	0.000121
1825	0.000120
1826	0.000119
1827	0.000118
1828	0.000117
1829	0.000116
1830	0.000116
1831	0.000115
1832	0.000114
1833	0.000113
1834	0.000112
1835	0.000111
1836	0.000110
1837	0.000109
1838	0.000109
1839	0.000108
1840	0.000107
1841	0.000106
1842	0.000105
1843	0.000104
1844	0.000103
1845	0.000102
1846	0.000101
1847	0.000100
1848	0.000099
1849	0.000098
1850	0.000098
1851	0.000097
1852	0.000096
1853	0.000095
1854	0.000094
1855	0.000093
1856	0.000092
1857	0.000091
1858	0.000090
1859	0.000089
1860	0.000088
1861	0.000087
1862	0.000086
1863	0.000085
1864	0.000084
1865	0.000083
1866	0.000082
1867	0.000082
1868	0.000081
1869	0.000080
1870	0.000079
1871	0.000078
1872	0.000077
1873	0.000076
1874	0.000075
1875	0.000074
1876	0.000073
1877	0.000072
1878	0.000071
1879	0.000071
1880	0.000070
1881	0.000069
1882	0.000068
1883	0.000067
1884	0.000066
1885	0.000065
1886	0.000065
1887	0.000064
1888	0.000063
1889	0.000062
1890	0.000061
1891	0.000060
1892	0.000060
1893	0.000059
1894	0.000058
1895	0.000057
1896	0.000057
1897	0.000056
1898	0.000055
1899	0.000054
1900	0.000054
1901	0.000053
1902	0.000052
1903	0.000052
1904	0.000051
1905	0.000050
1906	0.000050
1907	0.000049
1908	0.000049
1909	0.000048
1910	0.000047
1911	0.000047
1912	0.000046
1913	0.000046
1914	0.000045
1915	0.000045
1916	0.000044
1917	0.000044
1918	0.000044
1919	0.000043
1920	0.000043
1921	0.000042
1922	0.000042
1923	0.000042
1924	0.000041
1925	0.000041
1926	0.000041
1927	0.000040
1928	0.000040
1929	0.000040
1930	0.000040
1931	0.000040
1932	0.000039
1933	0.000039
1934	0.000039
1935	0.000039
1936	0.000039
1937	0.000039
1938	0.000039
1939	0.000038
1940	0.000038
1941	0.000038
1942	0.000038
1943	0.000038
1944	0.000038
1945	0.000038
1946	0.000038
1947	0.000038
1948	0.000038
1949	0.000038
1950	0.000038
1951	0.000038
1952	0.000038
1953	0.000038
1954	0.000038
1955	0.000038
1956	0.000038
1957	0.000038
1958	0.000038
1959	0.000038
1960	0.000039
1961	0.000039
1962	0.000039
1963	0.000039
1964	0.000039
1965	0.000039
1966	0.000039
1967	0.000039
1968	0.000039
1969	0.000039
1970	0.000039
1971	0.000039
1972	0.000039
1973	0.000039
1974	0.000039
1975	0.000039
1976	0.000039
1977	0.000039
1978	0.000039
1979	0.000039
1980	0.000039
1981	0.000039
1982	0.000039
1983	0.000039
1984	0.000039
1985	0.000039
1986	0.000039
1987	0.000039
1988	0.000039
1989	0.000039
1990	0.000039
1991	0.000039
1992	0.000039
1993	0.000039
1994	0.000039
1995	0.000039
1996	0.000039
1997	0.000039
1998	0.000039
1999	0.000039
2000	0.000038
2001	0.000038
2002	0.000038
2003	0.000038
2004	0.000038
2005	0.000038
2006	0.000038
2007	0.000038
2008	0.000037
2009	0.000037
2010	0.000037
2011	0.000037
2012	0.000037
2013	0.000037
2014	0.000036
2015	0.000036
2016	0.000036
2017	0.000036
2018	0.000036
2019	0.000036
2020	0.000035
2021	0.000035
2022	0.000035
2023	0.000035
2024	0.000035
2025	0.000034
2026	0.000034
2027	0.000034
2028	0.000034
2029	0.000033
2030	0.000033
2031	0.000033
2032	0.000033
2033	0.000033
2034	0.000032
2035	0.000032
2036	0.000032
2037	0.000032
2038	0.000032
2039	0.000031
2040	0.000031
2041	0.000031
2042	0.000031
2043	0.000031
2044	0.000031
2045	0.000030
2046	0.000030
2047	0.000030
2048	0.000030
2049	0.000030
2050	0.000030
2051	0.000030
2052	0.000030
2053	0.000029
2054	0.000029
2055	0.000029
2056	0.000029
2057	0.000029
2058	0.000029
2059	0.000029
2060	0.000029
2061	0.000029
2062	0.000029
2063	0.000029
2064	0.000029
2065	0.000029
2066	0.000029
2067	0.000029
2068	0.000029
2069	0.000030
2070	0.000030
2071	0.000030
2072	0.000030
2073	0.000030
2074	0.000030
2075	0.000031
2076	0.000031
2077	0.000031
2078	0.000031
2079	0.000031
2080	0.000032
2081	0.000032
2082	0.000032
2083	0.000033
2084	0.000033
2085	0.000033
2086	0.000034
2087	0.000034
2088	0.000034
2089	0.000035
2090	0.000035
2091	0.000035
2092	0.000036
2093	0.000036
2094	0.000037
2095	0.000037
2096	0.000038
2097	0.000038
2098	0.000038
2099	0.000039
2100	0.000039
2101	0.000040
2102	0.000040
2103	0.000041
2104	0.000041
2105	0.000042
2106	0.000042
2107	0.000043
2108	0.000043
2109	0.000044
2110	0.000044
2111	0.000045
2112	0.000045
2113	0.000046
2114	0.000046
2115	0.000047
2116	0.000047
2117	0.000048
2118	0.000048
2119	0.000049
2120	0.000049
2121	0.000050
2122	0.000050
2123	0.000051
2124	0.000051
2125	0.000052
2126	0.000052
2127	0.000053
2128	0.000054
2129	0.000054
2130	0.000055
2131	0.000055
2132	0.000056
2133	0.000056
2134	0.000057
2135	0.000057
2136	0.000058
2137	0.000058
2138	0.000059
2139	0.000059
2140	0.000060
2141	0.000060
2142	0.000061
2143	0.000061
2144	0.000062
2145	0.000062
2146	0.000063
2147	0.000063
2148	0.000064
2149	0.000064
2150	0.000064
2151	0.000065
2152	0.000065
2153	0.000066
2154	0.000066
2155	0.000067
2156	0.000067
2157	0.000068
2158	0.000068
2159	0.000068
2160	0.000069
2161	0.000069
2162	0.000070
2163	0.000070
2164	0.000070
2165	0.000071
2166	0.000071
2167	0.000072
2168	0.000072
2169	0.000072
2170	0.000073
2171	0.000073
2172	0.000073
2173	0.000074
2174	0.000074
2175	0.000074
2176	0.000075
2177	0.000075
2178	0.000075
2179	0.000076
2180	0.000076
2181	0.000076
2182	0.000077
2183	0.000077
2184	0.000077
2185	0.000077
2186	0.000078
2187	0.000078
2188	0.000078
2189	0.000078
2190	0.000079
2191	0.000079
2192	0.000079
2193	0.000079
2194	0.000079
2195	0.000080
2196	0.000080
2197	0.000080
2198	0.000080
2199	0.000080
2200	0.000081
2201	0.000081
2202	0.000081
2203	0.000081
2204	0.000081
2205	0.000081
2206	0.000081
2207	0.000081
2208	0.000082
2209	0.000082
2210	0.000082
2211	0.000082
2212	0.000082
2213	0.000082
2214	0.000082
2215	0.000082
2216	0.000082
2217	0.000082
2218	0.000082
2219	0.000082
2220	0.000082
2221	0.000082
2222	0.000082
2223	0.000082
2224	0.000082
2225	0.000082
2226	0.000082
2227	0.000082
2228	0.000082
2229	0.000082
2230	0.000082
2231	0.000082
2232	0.000082
2233	0.000082
2234	0.000082
2235	0.000082
2236	0.000082
2237	0.000081
2238	0.000081
2239	0.000081
2240	0.000081
2241	0.000081
2242	0.000081
2243	0.000081
2244	0.000081
2245	0.000080
2246	0.000080
2247	0.000080
2248	0.000080
2249	0.000080
2250	0.000080
2251	0.000079
2252	0.000079
2253	0.000079
2254	0.000079
2255	0.000079
2256	0.000078
2257	0.000078
2258	0.000078
2259	0.000078
2260	0.000077
2261	0.000077
2262	0.000077
2263	0.000077
2264	0.000076
2265	0.000076
2266	0.000076
2267	0.000075
2268	0.000075
2269	0.000075
2270	0.000075
2271	0.000074
2272	0.000074
2273	0.000074
2274	0.000073
2275	0.000073
2276	0.000073
2277	0.000072
2278	0.000072
2279	0.000072
2280	0.000071
2281	0.000071
2282	0.000071
2283	0.000070
2284	0.000070
2285	0.000069
2286	0.000069
2287	0.000069
2288	0.000068
2289	0.000068
2290	0.000068
2291	0.000067
2292	0.000067
2293	0.000066
2294	0.000066
2295	0.000066
2296	0.000065
2297	0.000065
2298	0.000064
2299	0.000064
2300	0.000063
2301	0.000063
2302	0.000063
2303	0.000062
2304	0.000062
2305	0.000061
2306	0.000061
2307	0.000061
2308	0.000060
2309	0.000060
2310	0.000059
2311	0.000059
2312	0.000058
2313	0.000058
2314	0.000057
2315	0.000057
2316	0.000057
2317	0.000056
2318	0.000056
2319	0.000055
2320	0.000055
2321	0.000054
2322	0.000054
2323	0.000053
2324	0.000053
2325	0.000053
2326	0.000052
2327	0.000052
2328	0.000051
2329	0.000051
2330	0.000050
2331	0.000050
2332	0.000049
2333	0.000049
2334	0.000049
2335	0.000048
2336	0.000048
2337	0.000047
2338	0.000047
2339	0.000046
2340	0.000046
2341	0.000045
2342	0.000045
2343	0.000045
2344	0.000044
2345	0.000044
2346	0.000043
2347	0.000043
2348	0.000042
2349	0.000042
2350	0.000042
2351	0.000041
2352	0.000041
2353	0.000040
2354	0.000040
2355	0.000040
2356	0.000039
2357	0.000039
2358	0.000039
2359	0.000038
2360	0.000038
2361	0.000037
2362	0.000037
2363	0.000037
2364	0.000036
2365	0.000036
2366	0.000036
2367	0.000035
2368	0.000035
2369	0.000035
2370	0.000034
2371	0.000034
2372	0.000034
2373	0.000033
2374	0.000033
2375	0.000033
2376	0.000032
2377	0.000032
2378	0.000032
2379	0.000032
2380	0.000031
2381	0.000031
2382	0.000031
2383	0.000030
2384	0.000030
2385	0.000030
2386	0.000030
2387	0.000029
2388	0.000029
2389	0.000029
2390	0.000029
2391	0.000028
2392	0.000028
2393	0.000028
2394	0.000028
2395	0.000028
2396	0.000027
2397	0.000027
2398	0.000027
2399	0.000027
2400	0.000027
2401	0.000027
2402	0.000026
2403	0.000026
2404	0.000026
2405	0.000026
2406	0.000026
2407	0.000026
2408	0.000025
2409	0.000025
2410	0.000025
2411	0.000025
2412	0.000025
2413	0.000025
2414	0.000025
2415	0.000024
2416	0.000024
2417	0.000024
2418	0.000024
2419	0.000024
2420	0.000024
2421	0.000024
2422	0.000024
2423	0.000024
2424	0.000024
2425	0.000023
2426	0.000023
2427	0.000023
2428	0.000023
2429	0.000023
2430	0.000023
2431	0.000023
2432	0.000023
2433	0.000023
2434	0.000023
2435	0.000023
2436	0.000023
2437	0.000022
2438	0.000022
2439	0.000022
2440	0.000022
2441	0.000022
2442	0.000022
2443	0.000022
2444	0.000022
2445	0.000022
2446	0.000022
2447	0.000022
2448	0.000022
2449	0.000021
2450	0.000021
2451	0.000021
2452	0.000021
2453	0.000021
2454	0.000021
2455	0.000021
2456	0.000021
2457	0.000021
2458	0.000021
2459	0.000021
2460	0.000021
2461	0.000020
2462	0.000020
2463	0.000020
2464	0.000020
2465	0.000020
2466	0.000020
2467	0.000020
2468	0.000020
2469	0.000020
2470	0.000020
2471	0.000019
2472	0.000019
2473	0.000019
2474	0.000019
2475	0.000019
2476	0.000019
2477	0.000019
2478	0.000019
2479	0.000019
2480	0.000019
2481	0.000018
2482	0.000018
2483	0.000018
2484	0.000018
2485	0.000018
2486	0.000018
2487	0.000018
2488	0.000018
2489	0.000017
2490	0.000017
2491	0.000017
2492	0.000017
2493	0.000017
2494	0.000017
2495	0.000017
2496	0.000017
2497	0.000016
2498	0.000016
2499	0.000016
2500	0.000016
2501	0.000016
2502	0.000016
2503	0.000016
2504	0.000016
2505	0.000016
2506	0.000015
2507	0.000015
2508	0.000015
2509	0.000015
2510	0.000015
2511	0.000015
2512	0.000015
2513	0.000015
2514	0.000015
2515	0.000014
2516	0.000014
2517	0.000014
2518	0.000014
2519	0.000014
2520	0.000014
2521	0.000014
2522	0.000014
2523	0.000014
2524	0.000014
2525	0.000014
2526	0.000014
2527	0.000013
2528	0.000013
2529	0.000013
2530	0.000013
2531	0.000013
2532	0.000013
2533	0.000013
2534	0.000013
2535	0.000013
2536	0.000013
2537	0.000013
2538	0.000013
2539	0.000013
2540	0.000013
2541	0.000013
2542	0.000013
2543	0.000013
2544	0.000013
2545	0.000013
2546	0.000013
2547	0.000013
2548	0.000013
2549	0.000014
2550	0.000014
2551	0.000014
2552	0.000014
2553	0.000014
2554	0.000014
2555	0.000014
2556	0.000014
2557	0.000014
2558	0.000014
2559	0.000014
2560	0.000015
2561	0.000015
2562	0.000015
2563	0.000015
2564	0.000015
2565	0.000015
2566	0.000015
2567	0.000016
2568	0.000016
2569	0.000016
2570	0.000016
2571	0.000016
2572	0.000016
2573	0.000016
2574	0.000017
2575	0.000017
2576	0.000017
2577	0.000017
2578	0.000017
2579	0.000018
2580	0.000018
2581	0.000018
2582	0.000018
2583	0.000018
2584	0.000018
2585	0.000019
2586	0.000019
2587	0.000019
2588	0.000019
2589	0.000019
2590	0.000020
2591	0.000020
2592	0.000020
2593	0.000020
2594	0.000020
2595	0.000021
2596	0.000021
2597	0.000021
2598	0.000021
2599	0.000021
2600	0.000022
2601	0.000022
2602	0.000022
2603	0.000022
2604	0.000022
2605	0.000022
2606	0.000023
2607	0.000023
2608	0.000023
2609	0.000023
2610	0.000023
2611	0.000024
2612	0.000024
2613	0.000024
2614	0.000024
2615	0.000024
2616	0.000025
2617	0.000025
2618	0.000025
2619	0.000025
2620	0.000025
2621	0.000025
2622	0.000026
2623	0.000026
2624	0.000026
2625	0.000026
2626	0.000026
2627	0.000026
2628	0.000027
2629	0.000027
2630	0.000027
2631	0.000027
2632	0.000027
2633	0.000027
2634	0.000028
2635	0.000028
2636	0.000028
2637	0.000028
2638	0.000028
2639	0.000028
2640	0.000028
2641	0.000029
2642	0.000029
2643	0.000029
2644	0.000029
2645	0.000029
2646	0.000029
2647	0.000029
2648	0.000029
2649	0.000030
2650	0.000030
2651	0.000030
2652	0.000030
2653	0.000030
2654	0.000030
2655	0.000030
2656	0.000030
2657	0.000030
2658	0.000031
2659	0.000031
2660	0.000031
2661	0.000031
2662	0.000031
2663	0.000031
2664	0.000031
2665	0.000031
2666	0.000031
2667	0.000031
2668	0.000031
2669	0.000031
2670	0.000031
2671	0.000032
2672	0.000032
2673	0.000032
2674	0.000032
2675	0.000032
2676	0.000032
2677	0.000032
2678	0.000032
2679	0.000032
2680	0.000032
2681	0.000032
2682	0.000032
2683	0.000032
2684	0.000032
2685	0.000032
2686	0.000032
2687	0.000032
2688	0.000032
2689	0.000032
2690	0.000032
2691	0.000032
2692	0.000032
2693	0.000032
2694	0.000032
2695	0.000032
2696	0.000032
2697	0.000032
2698	0.000032
2699	0.000032
2700	0.000032
2701	0.000032
2702	0.000032
2703	0.000032
2704	0.000032
2705	0.000032
2706	0.000032
2707	0.000032
2708	0.000032
2709	0.000032
2710	0.000032
2711	0.000032
2712	0.000032
2713	0.000032
2714	0.000032
2715	0.000032
2716	0.000032
2717	0.000032
2718	0.000032
2719	0.000032
2720	0.000031
2721	0.000031
2722	0.000031
2723	0.000031
2724	0.000031
2725	0.000031
2726	0.000031
2727	0.000031
2728	0.000031
2729	0.000031
2730	0.000031
2731	0.000031
2732	0.000031
2733	0.000030
2734	0.000030
2735	0.000213
2736	0.000220
2737	0.000227
2738	0.000234
2739	0.000241
2740	0.000247
2741	0.000253
2742	0.000258
2743	0.000262
2744	0.000266
2745	0.000299
2746	0.000359
2747	0.000367
2748	0.000381
2749	0.000395
2750	0.000405
2751	0.000413
2752	0.000419
2753	0.000423
2754	0.000426
2755	0.000429
2756	0.000430
2757	0.000432
2758	0.000433
2759	0.000433
2760	0.000434
2761	0.000434
2762	0.000434
2763	0.000433
2764	0.000433
2765	0.000432
2766	0.000431
2767	0.000439
2768	0.000457
2769	0.000478
2770	0.000497
2771	0.000514
2772	0.000536
2773	0.000549
2774	0.000559
2775	0.000565
2776	0.000567
2777	0.000573
2778	0.000585
2779	0.000598
2780	0.000611
2781	0.000621
2782	0.000629
2783	0.000633
2784	0.000636
2785	0.000636
2786	0.000635
2787	0.000632
2788	0.000629
2789	0.000624
2790	0.000619
2791	0.000613
2792	0.000606
2793	0.000599
2794	0.000544
2795	0.000571
2796	0.000616
2797	0.000662
2798	0.000703
2799	0.000736
2800	0.000764
2801	0.000788
2802	0.000808
2803	0.000824
2804	0.000836
2805	0.000846
2806	0.000854
2807	0.000858
2808	0.000860
2809	0.000860
2810	0.000858
2811	0.000854
2812	0.000848
2813	0.000840
2814	0.000830
2815	0.000819
2816	0.000807
2817	0.000794
2818	0.000779
2819	0.000764
2820	0.000748
2821	0.000731
2822	0.000714
2823	0.000599
2824	0.000626
2825	0.000737
2826	0.000851
2827	0.000944
2828	0.001016
2829	0.001071
2830	0.001114
2831	0.001145
2832	0.001167
2833	0.001181
2834	0.001188
2835	0.001188
2836	0.001182
2837	0.001171
2838	0.001155
2839	0.001135
2840	0.001112
2841	0.001086
2842	0.001058
2843	0.001028
2844	0.000996
2845	0.000964
2846	0.000931
2847	0.000898
2848	0.000865
2849	0.000834
2850	0.000803
2851	0.000772
2852	0.000742
2853	0.000712
2854	0.000684
2855	0.000656
2856	0.000627
2857	0.000563
2858	0.000554
2859	0.000834
2860	0.001079
2861	0.001255
2862	0.001380
2863	0.001466
2864	0.001522
2865	0.001552
2866	0.001563
2867	0.001557
2868	0.001538
2869	0.001507
2870	0.001468
2871	0.001421
2872	0.001370
2873	0.001314
2874	0.001257
2875	0.001199
2876	0.001141
2877	0.001084
2878	0.001028
2879	0.000975
2880	0.000924
2881	0.000876
2882	0.000831
2883	0.000788
2884	0.000749
2885	0.000712
2886	0.000679
2887	0.000648
2888	0.000619
2889	0.000593
2890	0.000570
2891	0.000548
2892	0.000528
2893	0.000510
2894	0.000494
2895	0.000479
2896	0.000466
2897	0.000454
2898	0.000443
2899	0.000432
2900	0.000423
2901	0.000414
2902	0.000407
2903	0.000399
2904	0.000392
2905	0.000386
2906	0.000380
2907	0.000375
2908	0.000370
2909	0.000365
2910	0.000360
2911	0.000356
2912	0.000351
2913	0.000347
2914	0.000344
2915	0.000340
2916	0.000336
2917	0.000333
2918	0.000329
2919	0.000326
2920	0.000323
2921	0.000319
2922	0.000316
2923	0.000313
2924	0.000310
2925	0.000307
2926	0.000304
2927	0.000301
2928	0.000298
2929	0.000296
2930	0.000293
2931	0.000290
2932	0.000287
2933	0.000284
2934	0.000282
2935	0.000279
2936	0.000276
2937	0.000274
2938	0.000271
2939	0.000268
2940	0.000266
2941	0.000263
2942	0.000261
2943	0.000258
2944	0.000256
2945	0.000253
2946	0.000251
2947	0.000248
2948	0.000246
2949	0.000243
2950	0.000241
2951	0.000239
2952	0.000236
2953	0.000234
2954	0.000232
2955	0.000229
2956	0.000227
2957	0.000225
2958	0.000223
2959	0.000221
2960	0.000218
2961	0.000216
2962	0.000214
2963	0.000212
2964	0.000210
2965	0.000208
2966	0.000206
2967	0.000204
2968	0.000202
2969	0.000200
2970	0.000198
2971	0.000197
2972	0.000195
2973	0.000193
2974	0.000192
2975	0.000190
2976	0.000188
2977	0.000187
2978	0.000186
2979	0.000184
2980	0.000183
2981	0.000182
2982	0.000180
2983	0.000179
2984	0.000178
2985	0.000177
2986	0.000176
2987	0.000175
2988	0.000174
2989	0.000173
2990	0.000172
2991	0.000171
2992	0.000170
2993	0.000169
2994	0.000168
2995	0.000168
2996	0.000167
2997	0.000166
2998	0.000165
2999	0.000164
3000	0.000164
3001	0.000163
3002	0.000162
3003	0.000162
3004	0.000161
3005	0.000160
3006	0.000160
3007	0.000159
3008	0.000158
3009	0.000158
3010	0.000157
3011	0.000156
3012	0.000156
3013	0.000155
3014	0.000155
3015	0.000154
3016	0.000154
3017	0.000153
3018	0.000153
3019	0.000153
3020	0.000152
3021	0.000152
3022	0.000152
3023	0.000152
3024	0.000151
3025	0.000151
3026	0.000151
3027	0.000151
3028	0.000151
3029	0.000151
3030	0.000152
3031	0.000152
3032	0.000152
3033	0.000152
3034	0.000153
3035	0.000153
3036	0.000154
3037	0.000154
3038	0.000154
3039	0.000155
3040	0.000155
3041	0.000156
3042	0.000157
3043	0.000157
3044	0.000158
3045	0.000158
3046	0.000159
3047	0.000159
3048	0.000160
3049	0.000160
3050	0.000161
3051	0.000161
3052	0.000162
3053	0.000162
3054	0.000163
3055	0.000163
3056	0.000164
3057	0.000164
3058	0.000164
3059	0.000165
3060	0.000165
3061	0.000165
3062	0.000166
3063	0.000166
3064	0.000166
3065	0.000166
3066	0.000166
3067	0.000167
3068	0.000167
3069	0.000167
3070	0.000167
3071	0.000167
3072	0.000167
3073	0.000167
3074	0.000167
3075	0.000167
3076	0.000167
3077	0.000166
3078	0.000166
3079	0.000166
3080	0.000166
3081	0.000166
3082	0.000165
3083	0.000165
3084	0.000165
3085	0.000165
3086	0.000164
3087	0.000164
3088	0.000164
3089	0.000163
3090	0.000163
3091	0.000163
3092	0.000162
3093	0.000162
3094	0.000162
3095	0.000161
3096	0.000161
3097	0.000160
3098	0.000160
3099	0.000159
3100	0.000159
3101	0.000158
3102	0.000158
3103	0.000157
3104	0.000157
3105	0.000157
3106	0.000156
3107	0.000156
3108	0.000155
3109	0.000155
3110	0.000154
3111	0.000154
3112	0.000153
3113	0.000153
3114	0.000152
3115	0.000152
3116	0.000151
3117	0.000151
3118	0.000150
3119	0.000150
3120	0.000150
3121	0.000149
3122	0.000149
3123	0.000148
3124	0.000148
3125	0.000148
3126	0.000147
3127	0.000147
3128	0.000146
3129	0.000146
3130	0.000146
3131	0.000145
3132	0.000145
3133	0.000145
3134	0.000144
3135	0.000144
3136	0.000144
3137	0.000143
3138	0.000143
3139	0.000143
3140	0.000142
3141	0.000142
3142	0.000142
3143	0.000142
3144	0.000141
3145	0.000141
3146	0.000141
3147	0.000141
3148	0.000140
3149	0.000140
3150	0.000140
3151	0.000139
3152	0.000139
3153	0.000139
3154	0.000139
3155	0.000138
3156	0.000138
3157	0.000138
3158	0.000138
3159	0.000137
3160	0.000137
3161	0.000137
3162	0.000136
3163	0.000136
3164	0.000136
3165	0.000135
3166	0.000135
3167	0.000135
3168	0.000135
3169	0.000134
3170	0.000134
3171	0.000134
3172	0.000133
3173	0.000133
3174	0.000133
3175	0.000132
3176	0.000132
3177	0.000131
3178	0.000131
3179	0.000131
3180	0.000130
3181	0.000130
3182	0.000130
3183	0.000129
3184	0.000129
3185	0.000129
3186	0.000128
3187	0.000128
3188	0.000127
3189	0.000127
3190	0.000126
3191	0.000126
3192	0.000126
3193	0.000125
3194	0.000125
3195	0.000124
3196	0.000124
3197	0.000124
3198	0.000123
3199	0.000123
3200	0.000122
3201	0.000122
3202	0.000121
3203	0.000121
3204	0.000120
3205	0.000120
3206	0.000120
3207	0.000119
3208	0.000119
3209	0.000118
3210	0.000118
3211	0.000117
3212	0.000117
3213	0.000116
3214	0.000116
3215	0.000116
3216	0.000115
3217	0.000115
3218	0.000114
3219	0.000114
3220	0.000113
3221	0.000113
3222	0.000112
3223	0.000112
3224	0.000111
3225	0.000111
3226	0.000111
3227	0.000110
3228	0.000110
3229	0.000109
3230	0.000109
3231	0.000108
3232	0.000108
3233	0.000107
3234	0.000107
3235	0.000107
3236	0.000106
3237	0.000106
3238	0.000105
3239	0.000105
3240	0.000104
3241	0.000104
3242	0.000104
3243	0.000103
3244	0.000103
3245	0.000102
3246	0.000102
3247	0.000102
3248	0.000101
3249	0.000101
3250	0.000100
3251	0.000100
3252	0.000100
3253	0.000099
3254	0.000099
3255	0.000098
3256	0.000098
3257	0.000098
3258	0.000097
3259	0.000097
3260	0.000097
3261	0.000096
3262	0.000096
3263	0.000096
3264	0.000095
3265	0.000095
3266	0.000095
3267	0.000094
3268	0.000094
3269	0.000094
3270	0.000093
3271	0.000093
3272	0.000093
3273	0.000092
3274	0.000092
3275	0.000092
3276	0.000091
3277	0.000091
3278	0.000091
3279	0.000090
3280	0.000090
3281	0.000090
3282	0.000089
3283	0.000089
3284	0.000089
3285	0.000089
3286	0.000088
3287	0.000088
3288	0.000088
3289	0.000088
3290	0.000087
3291	0.000087
3292	0.000087
3293	0.000086
3294	0.000086
3295	0.000086
3296	0.000086
3297	0.000085
3298	0.000085
3299	0.000085
3300	0.000085
3301	0.000084
3302	0.000084
3303	0.000084
3304	0.000084
3305	0.000083
3306	0.000083
3307	0.000083
3308	0.000083
3309	0.000082
3310	0.000082
3311	0.000082
3312	0.000082
3313	0.000081
3314	0.000081
3315	0.000081
3316	0.000081
3317	0.000080
3318	0.000080
3319	0.000080
3320	0.000080
3321	0.000079
3322	0.000079
3323	0.000079
3324	0.000079
3325	0.000078
3326	0.000078
3327	0.000078
3328	0.000078
3329	0.000077
3330	0.000077
3331	0.000077
3332	0.000077
3333	0.000076
3334	0.000076
3335	0.000076
3336	0.000076
3337	0.000075
3338	0.000075
3339	0.000075
3340	0.000075
3341	0.000074
3342	0.000074
3343	0.000074
3344	0.000074
3345	0.000073
3346	0.000073
3347	0.000073
3348	0.000073
3349	0.000072
3350	0.000072
3351	0.000072
3352	0.000072
3353	0.000071
3354	0.000071
3355	0.000071
3356	0.000071
3357	0.000070
3358	0.000070
3359	0.000070
3360	0.000070
3361	0.000069
3362	0.000069
3363	0.000069
3364	0.000069
3365	0.000068
3366	0.000068
3367	0.000068
3368	0.000068
3369	0.000067
3370	0.000067
3371	0.000067
3372	0.000067
3373	0.000066
3374	0.000066
3375	0.000066
3376	0.000066
3377	0.000065
3378	0.000065
3379	0.000065
3380	0.000065
3381	0.000064
3382	0.000064
3383	0.000064
3384	0.000064
3385	0.000063
3386	0.000063
3387	0.000063
3388	0.000063
3389	0.000062
3390	0.000062
3391	0.000062
3392	0.000061
3393	0.000061
3394	0.000061
3395	0.000061
3396	0.000060
3397	0.000060
3398	0.000060
3399	0.000060
3400	0.000059
3401	0.000059
3402	0.000059
3403	0.000059
3404	0.000058
3405	0.000058
3406	0.000058
3407	0.000058
3408	0.000057
3409	0.000057
3410	0.000057
3411	0.000057
3412	0.000056
3413	0.000056
3414	0.000056
3415	0.000056
3416	0.000055
3417	0.000055
3418	0.000055
3419	0.000055
3420	0.000054
3421	0.000054
3422	0.000054
3423	0.000054
3424	0.000053
3425	0.000053
3426	0.000053
3427	0.000053
3428	0.000052
3429	0.000052
3430	0.000052
3431	0.000052
3432	0.000051
3433	0.000051
3434	0.000051
3435	0.000051
3436	0.000050
3437	0.000050
3438	0.000050
3439	0.000050
3440	0.000049
3441	0.000049
3442	0.000049
3443	0.000049
3444	0.000048
3445	0.000048
3446	0.000048
3447	0.000048
3448	0.000048
3449	0.000047
3450	0.000047
3451	0.000047
3452	0.000047
3453	0.000046
3454	0.000046
3455	0.000046
3456	0.000046
3457	0.000045
3458	0.000045
3459	0.000045
3460	0.000045
3461	0.000045
3462	0.000044
3463	0.000044
3464	0.000044
3465	0.000044
3466	0.000044
3467	0.000043
3468	0.000043
3469	0.000043
3470	0.000043
3471	0.000042
3472	0.000042
3473	0.000042
3474	0.000042
3475	0.000042
3476	0.000041
3477	0.000041
3478	0.000041
3479	0.000041
3480	0.000040
3481	0.000040
3482	0.000040
3483	0.000040
3484	0.000040
3485	0.000039
3486	0.000039
3487	0.000039
3488	0.000039
3489	0.000039
3490	0.000038
3491	0.000038
3492	0.000038
3493	0.000038
3494	0.000038
3495	0.000037
3496	0.000037
3497	0.000037
3498	0.000037
3499	0.000037
3500	0.000036
3501	0.000036
3502	0.000036
3503	0.000036
3504	0.000036
3505	0.000036
3506	0.000035
3507	0.000035
3508	0.000035
3509	0.000035
3510	0.000035
3511	0.000034
3512	0.000034
3513	0.000034
3514	0.000034
3515	0.000034
3516	0.000033
3517	0.000033
3518	0.000033
3519	0.000033
3520	0.000033
3521	0.000033
3522	0.000032
3523	0.000032
3524	0.000032
3525	0.000032
3526	0.000032
3527	0.000031
3528	0.000031
3529	0.000031
3530	0.000031
3531	0.000031
3532	0.000031
3533	0.000030
3534	0.000030
3535	0.000030
3536	0.000030
3537	0.000030
3538	0.000030
3539	0.000029
3540	0.000029
3541	0.000029
3542	0.000029
3543	0.000029
3544	0.000029
3545	0.000028
3546	0.000028
3547	0.000028
3548	0.000028
3549	0.000028
3550	0.000028
3551	0.000028
3552	0.000027
3553	0.000027
3554	0.000027
3555	0.000027
3556	0.000027
3557	0.000027
3558	0.000026
3559	0.000026
3560	0.000026
3561	0.000026
3562	0.000026
3563	0.000026
3564	0.000026
3565	0.000025
3566	0.000025
3567	0.000025
3568	0.000025
3569	0.000025
3570	0.000025
3571	0.000025
3572	0.000024
3573	0.000024
3574	0.000024
3575	0.000024
3576	0.000024
3577	0.000024
3578	0.000024
3579	0.000023
3580	0.000023
3581	0.000023
3582	0.000023
3583	0.000023
3584	0.000023
3585	0.000023
3586	0.000023
3587	0.000022
3588	0.000022
3589	0.000022
3590	0.000022
3591	0.000022
3592	0.000022
3593	0.000022
3594	0.000022
3595	0.000021
3596	0.000021
3597	0.000021
3598	0.000021
3599	0.000021
3600	0.000021
3601	0.000021
3602	0.000021
3603	0.000020
3604	0.000020
3605	0.000020
3606	0.000020
3607	0.000020
3608	0.000020
3609	0.000020
3610	0.000020
3611	0.000019
3612	0.000019
3613	0.000019
3614	0.000019
3615	0.000019
3616	0.000019
3617	0.000019
3618	0.000019
3619	0.000019
3620	0.000019
3621	0.000018
3622	0.000018
3623	0.000018
3624	0.000018
3625	0.000018
3626	0.000018
3627	0.000018
3628	0.000018
3629	0.000018
3630	0.000017
3631	0.000017
3632	0.000017
3633	0.000017
3634	0.000017
3635	0.000017
3636	0.000017
3637	0.000017
3638	0.000017
3639	0.000017
3640	0.000016
3641	0.000016
3642	0.000016
3643	0.000016
3644	0.000016
3645	0.000016
3646	0.000016
3647	0.000016
3648	0.000016
3649	0.000016
3650	0.000016
3651	0.000015
3652	0.000015
3653	0.000015
3654	0.000015
3655	0.000015
3656	0.000015
3657	0.000015
3658	0.000015
3659	0.000015
3660	0.000015
3661	0.000015
3662	0.000014
3663	0.000014
3664	0.000014
3665	0.000014
3666	0.000014
3667	0.000014
3668	0.000014
3669	0.000014
3670	0.000014
3671	0.000014
3672	0.000014
3673	0.000014
3674	0.000014
3675	0.000013
3676	0.000013
3677	0.000013
3678	0.000013
3679	0.000013
3680	0.000013
3681	0.000013
3682	0.000013
3683	0.000013
3684	0.000013
3685	0.000013
3686	0.000013
3687	0.000013
3688	0.000012
3689	0.000012
3690	0.000012
3691	0.000012
3692	0.000012
3693	0.000012
3694	0.000012
3695	0.000012
3696	0.000012
3697	0.000012
3698	0.000012
3699	0.000012
3700	0.000012
3701	0.000012
3702	0.000011
3703	0.000011
3704	0.000011
3705	0.000011
3706	0.000011
3707	0.000011
3708	0.000011
3709	0.000011
3710	0.000011
3711	0.000011
3712	0.000011
3713	0.000011
3714	0.000011
3715	0.000011
3716	0.000011
3717	0.000010
3718	0.000010
3719	0.000010
3720	0.000010
3721	0.000010
3722	0.000010
3723	0.000010
3724	0.000010
3725	0.000010
