0.230000	0.030000	0.983194
0.230000	0.060000	0.992989
0.230000	0.090000	0.993587
0.230000	0.120000	0.993149
0.230000	0.150000	0.992552
0.230000	0.180000	0.991885
0.230000	0.210000	0.991154
0.230000	0.240000	0.990351
0.230000	0.270000	0.989470
0.230000	0.300000	0.988501
0.230000	0.330000	0.987436
0.230000	0.360000	0.986263
0.230000	0.390000	0.984970
0.230000	0.420000	0.983544
0.230000	0.450000	0.981969
0.230000	0.480000	0.980228
0.230000	0.510000	0.978302
0.230000	0.540000	0.976168
0.230000	0.570000	0.973804
0.230000	0.600000	0.971182
0.230000	0.630000	0.968270
0.230000	0.660000	0.965036
0.230000	0.690000	0.961442
0.230000	0.720000	0.957444
0.230000	0.750000	0.952997
0.230000	0.780000	0.948048
0.230000	0.810000	0.942540
0.230000	0.840000	0.936411
0.230000	0.870000	0.929592
0.230000	0.900000	0.922009
0.230000	0.930000	0.913583
0.230000	0.960000	0.904230
0.230000	0.990000	0.893861
0.230000	1.020000	0.882384
0.230000	1.050000	0.869709
0.230000	1.080000	0.855743
0.230000	1.110000	0.840401
0.230000	1.140000	0.823602
0.230000	1.170000	0.805280
0.230000	1.200000	0.785383
0.230000	1.230000	0.763882
0.230000	1.260000	0.740772
0.230000	1.290000	0.716077
0.230000	1.320000	0.689857
0.230000	1.350000	0.662200
0.230000	1.380000	0.633226
0.230000	1.410000	0.603077
0.230000	1.440000	0.571894
0.230000	1.470000	0.539785
0.230000	1.500000	0.507399
0.230000	1.530000	0.480251
0.230000	1.560000	0.452204
0.230000	1.590000	0.424344
0.230000	1.620000	0.396999
0.230000	1.650000	0.370397
0.230000	1.680000	0.344720
0.230000	1.710000	0.320116
0.230000	1.740000	0.296694
0.230000	1.770000	0.274533
0.230000	1.800000	0.253680
0.230000	1.830000	0.234155
0.230000	1.860000	0.215953
0.230000	1.890000	0.199049
0.230000	1.920000	0.183403
0.230000	1.950000	0.168962
0.230000	1.980000	0.155666
0.230000	2.010000	0.143448
0.230000	2.040000	0.132238
0.230000	2.070000	0.121966
0.230000	2.100000	0.112561
0.230000	2.130000	0.103957
0.230000	2.160000	0.096088
0.230000	2.190000	0.088893
0.230000	2.220000	0.082313
0.230000	2.250000	0.076296
0.230000	2.280000	0.070790
0.230000	2.310000	0.065750
0.230000	2.340000	0.061135
0.230000	2.370000	0.056905
0.230000	2.400000	0.053025
0.230000	2.430000	0.049463
0.230000	2.460000	0.046191
0.230000	2.490000	0.043183
0.230000	2.520000	0.040414
0.230000	2.550000	0.037862
0.230000	2.580000	0.035509
0.230000	2.610000	0.033337
0.230000	2.640000	0.031330
0.230000	2.670000	0.029473
0.230000	2.700000	0.027754
0.230000	2.730000	0.026160
0.230000	2.760000	0.024681
0.230000	2.790000	0.023307
0.230000	2.820000	0.022030
0.230000	2.850000	0.020841
0.230000	2.880000	0.019734
0.230000	2.910000	0.018701
0.230000	2.940000	0.017738
0.230000	2.970000	0.016837
0.230000	3.000000	0.016138
0.270000	0.030000	0.983187
0.270000	0.060000	0.992982
0.270000	0.090000	0.993579
0.270000	0.120000	0.993142
0.270000	0.150000	0.992546
0.270000	0.180000	0.991880
0.270000	0.210000	0.991149
0.270000	0.240000	0.990347
0.270000	0.270000	0.989466
0.270000	0.300000	0.988498
0.270000	0.330000	0.987434
0.270000	0.360000	0.986261
0.270000	0.390000	0.984969
0.270000	0.420000	0.983543
0.270000	0.450000	0.981969
0.270000	0.480000	0.980228
0.270000	0.510000	0.978303
0.270000	0.540000	0.976170
0.270000	0.570000	0.973806
0.270000	0.600000	0.971184
0.270000	0.630000	0.968274
0.270000	0.660000	0.965040
0.270000	0.690000	0.961446
0.270000	0.720000	0.957449
0.270000	0.750000	0.953002
0.270000	0.780000	0.948054
0.270000	0.810000	0.942546
0.270000	0.840000	0.936418
0.270000	0.870000	0.929599
0.270000	0.900000	0.922016
0.270000	0.930000	0.913590
0.270000	0.960000	0.904237
0.270000	0.990000	0.893868
0.270000	1.020000	0.882392
0.270000	1.050000	0.869716
0.270000	1.080000	0.855751
0.270000	1.110000	0.840408
0.270000	1.140000	0.823609
0.270000	1.170000	0.805287
0.270000	1.200000	0.785390
0.270000	1.230000	0.763888
0.270000	1.260000	0.740777
0.270000	1.290000	0.716082
0.270000	1.320000	0.689861
0.270000	1.350000	0.662204
0.270000	1.380000	0.633230
0.270000	1.410000	0.603080
0.270000	1.440000	0.571896
0.270000	1.470000	0.539787
0.270000	1.500000	0.507401
0.270000	1.530000	0.480250
0.270000	1.560000	0.452203
0.270000	1.590000	0.424343
0.270000	1.620000	0.396998
0.270000	1.650000	0.370395
0.270000	1.680000	0.344718
0.270000	1.710000	0.320113
0.270000	1.740000	0.296691
0.270000	1.770000	0.274531
0.270000	1.800000	0.253678
0.270000	1.830000	0.234152
0.270000	1.860000	0.215950
0.270000	1.890000	0.199046
0.270000	1.920000	0.183400
0.270000	1.950000	0.168959
0.270000	1.980000	0.155663
0.270000	2.010000	0.143445
0.270000	2.040000	0.132235
0.270000	2.070000	0.121963
0.270000	2.100000	0.112558
0.270000	2.130000	0.103954
0.270000	2.160000	0.096086
0.270000	2.190000	0.088890
0.270000	2.220000	0.082311
0.270000	2.250000	0.076293
0.270000	2.280000	0.070788
0.270000	2.310000	0.065748
0.270000	2.340000	0.061133
0.270000	2.370000	0.056902
0.270000	2.400000	0.053023
0.270000	2.430000	0.049461
0.270000	2.460000	0.046190
0.270000	2.490000	0.043181
0.270000	2.520000	0.040412
0.270000	2.550000	0.037860
0.270000	2.580000	0.035508
0.270000	2.610000	0.033335
0.270000	2.640000	0.031328
0.270000	2.670000	0.029471
0.270000	2.700000	0.027752
0.270000	2.730000	0.026158
0.270000	2.760000	0.024679
0.270000	2.790000	0.023306
0.270000	2.820000	0.022029
0.270000	2.850000	0.020840
0.270000	2.880000	0.019733
0.270000	2.910000	0.204381
0.270000	2.940000	0.258124
0.270000	2.970000	0.268177
0.270000	3.000000	0.268130
0.310000	0.030000	0.983181
0.310000	0.060000	0.992977
0.310000	0.090000	0.993577
0.310000	0.120000	0.993141
0.310000	0.150000	0.992547
0.310000	0.180000	0.991883
0.310000	0.210000	0.991153
0.310000	0.240000	0.990353
0.310000	0.270000	0.989474
0.310000	0.300000	0.988508
0.310000	0.330000	0.987446
0.310000	0.360000	0.986275
0.310000	0.390000	0.984985
0.310000	0.420000	0.983561
0.310000	0.450000	0.981988
0.310000	0.480000	0.980250
0.310000	0.510000	0.978326
0.310000	0.540000	0.976195
0.310000	0.570000	0.973833
0.310000	0.600000	0.971213
0.310000	0.630000	0.968304
0.310000	0.660000	0.965072
0.310000	0.690000	0.961480
0.310000	0.720000	0.957484
0.310000	0.750000	0.953039
0.310000	0.780000	0.948092
0.310000	0.810000	0.942586
0.310000	0.840000	0.936459
0.310000	0.870000	0.929641
0.310000	0.900000	0.922060
0.310000	0.930000	0.913635
0.310000	0.960000	0.904282
0.310000	0.990000	0.893914
0.310000	1.020000	0.882438
0.310000	1.050000	0.869763
0.310000	1.080000	0.855797
0.310000	1.110000	0.840455
0.310000	1.140000	0.823655
0.310000	1.170000	0.805333
0.310000	1.200000	0.785435
0.310000	1.230000	0.763932
0.310000	1.260000	0.740820
0.310000	1.290000	0.716124
0.310000	1.320000	0.689902
0.310000	1.350000	0.662243
0.310000	1.380000	0.633267
0.310000	1.410000	0.603116
0.310000	1.440000	0.571931
0.310000	1.470000	0.539821
0.310000	1.500000	0.507433
0.310000	1.530000	0.480276
0.310000	1.560000	0.452227
0.310000	1.590000	0.424365
0.310000	1.620000	0.397017
0.310000	1.650000	0.370412
0.310000	1.680000	0.344734
0.310000	1.710000	0.320127
0.310000	1.740000	0.296704
0.310000	1.770000	0.274541
0.310000	1.800000	0.253687
0.310000	1.830000	0.234160
0.310000	1.860000	0.215957
0.310000	1.890000	0.199052
0.310000	1.920000	0.183405
0.310000	1.950000	0.168963
0.310000	1.980000	0.155666
0.310000	2.010000	0.143448
0.310000	2.040000	0.132237
0.310000	2.070000	0.121964
0.310000	2.100000	0.112560
0.310000	2.130000	0.103955
0.310000	2.160000	0.096086
0.310000	2.190000	0.088891
0.310000	2.220000	0.082311
0.310000	2.250000	0.076293
0.310000	2.280000	0.070787
0.310000	2.310000	0.065747
0.310000	2.340000	0.061132
0.310000	2.370000	0.056901
0.310000	2.400000	0.053022
0.310000	2.430000	0.049460
0.310000	2.460000	0.046188
0.310000	2.490000	0.043180
0.310000	2.520000	0.040410
0.310000	2.550000	0.037859
0.310000	2.580000	0.035506
0.310000	2.610000	0.033334
0.310000	2.640000	0.031327
0.310000	2.670000	0.029470
0.310000	2.700000	0.027751
0.310000	2.730000	0.026157
0.310000	2.760000	0.024678
0.310000	2.790000	0.023304
0.310000	2.820000	0.237124
0.310000	2.850000	0.296993
0.310000	2.880000	0.307646
0.310000	2.910000	0.309530
0.310000	2.940000	0.310112
0.310000	2.970000	0.310301
0.310000	3.000000	0.308293
0.350000	0.030000	0.983173
0.350000	0.060000	0.992970
0.350000	0.090000	0.993572
0.350000	0.120000	0.993138
0.350000	0.150000	0.992546
0.350000	0.180000	0.991884
0.350000	0.210000	0.991156
0.350000	0.240000	0.990358
0.350000	0.270000	0.989482
0.350000	0.300000	0.988518
0.350000	0.330000	0.987457
0.350000	0.360000	0.986289
0.350000	0.390000	0.985001
0.350000	0.420000	0.983579
0.350000	0.450000	0.982009
0.350000	0.480000	0.980273
0.350000	0.510000	0.978351
0.350000	0.540000	0.976223
0.350000	0.570000	0.973863
0.350000	0.600000	0.971245
0.350000	0.630000	0.968338
0.350000	0.660000	0.965108
0.350000	0.690000	0.961518
0.350000	0.720000	0.957524
0.350000	0.750000	0.953081
0.350000	0.780000	0.948135
0.350000	0.810000	0.942631
0.350000	0.840000	0.936505
0.350000	0.870000	0.929689
0.350000	0.900000	0.922108
0.350000	0.930000	0.913684
0.350000	0.960000	0.904333
0.350000	0.990000	0.893965
0.350000	1.020000	0.882489
0.350000	1.050000	0.869815
0.350000	1.080000	0.855849
0.350000	1.110000	0.840506
0.350000	1.140000	0.823706
0.350000	1.170000	0.805383
0.350000	1.200000	0.785484
0.350000	1.230000	0.763981
0.350000	1.260000	0.740867
0.350000	1.290000	0.716170
0.350000	1.320000	0.689946
0.350000	1.350000	0.662285
0.350000	1.380000	0.633308
0.350000	1.410000	0.603154
0.350000	1.440000	0.571967
0.350000	1.470000	0.539856
0.350000	1.500000	0.507467
0.350000	1.530000	0.480303
0.350000	1.560000	0.452250
0.350000	1.590000	0.424386
0.350000	1.620000	0.397036
0.350000	1.650000	0.370429
0.350000	1.680000	0.344749
0.350000	1.710000	0.320141
0.350000	1.740000	0.296715
0.350000	1.770000	0.274551
0.350000	1.800000	0.253695
0.350000	1.830000	0.234167
0.350000	1.860000	0.215963
0.350000	1.890000	0.199056
0.350000	1.920000	0.183409
0.350000	1.950000	0.168966
0.350000	1.980000	0.155669
0.350000	2.010000	0.143449
0.350000	2.040000	0.132238
0.350000	2.070000	0.121965
0.350000	2.100000	0.112560
0.350000	2.130000	0.103955
0.350000	2.160000	0.096085
0.350000	2.190000	0.088890
0.350000	2.220000	0.082310
0.350000	2.250000	0.076292
0.350000	2.280000	0.070786
0.350000	2.310000	0.065746
0.350000	2.340000	0.061130
0.350000	2.370000	0.056900
0.350000	2.400000	0.053020
0.350000	2.430000	0.049458
0.350000	2.460000	0.046186
0.350000	2.490000	0.043178
0.350000	2.520000	0.040408
0.350000	2.550000	0.037857
0.350000	2.580000	0.035504
0.350000	2.610000	0.033332
0.350000	2.640000	0.031325
0.350000	2.670000	0.029468
0.350000	2.700000	0.027749
0.350000	2.730000	0.268574
0.350000	2.760000	0.335169
0.350000	2.790000	0.346781
0.350000	2.820000	0.348802
0.350000	2.850000	0.349445
0.350000	2.880000	0.349875
0.350000	2.910000	0.350248
0.350000	2.940000	0.350567
0.350000	2.970000	0.350629
0.350000	3.000000	0.348203
0.390000	0.030000	0.983175
0.390000	0.060000	0.992972
0.390000	0.090000	0.993573
0.390000	0.120000	0.993139
0.390000	0.150000	0.992546
0.390000	0.180000	0.991882
0.390000	0.210000	0.991154
0.390000	0.240000	0.990355
0.390000	0.270000	0.989478
0.390000	0.300000	0.988513
0.390000	0.330000	0.987452
0.390000	0.360000	0.986282
0.390000	0.390000	0.984993
0.390000	0.420000	0.983571
0.390000	0.450000	0.981999
0.390000	0.480000	0.980262
0.390000	0.510000	0.978340
0.390000	0.540000	0.976210
0.390000	0.570000	0.973850
0.390000	0.600000	0.971231
0.390000	0.630000	0.968323
0.390000	0.660000	0.965092
0.390000	0.690000	0.961501
0.390000	0.720000	0.957507
0.390000	0.750000	0.953062
0.390000	0.780000	0.948117
0.390000	0.810000	0.942611
0.390000	0.840000	0.936485
0.390000	0.870000	0.929668
0.390000	0.900000	0.922087
0.390000	0.930000	0.913663
0.390000	0.960000	0.904311
0.390000	0.990000	0.893943
0.390000	1.020000	0.882467
0.390000	1.050000	0.869792
0.390000	1.080000	0.855826
0.390000	1.110000	0.840483
0.390000	1.140000	0.823684
0.390000	1.170000	0.805361
0.390000	1.200000	0.785462
0.390000	1.230000	0.763959
0.390000	1.260000	0.740847
0.390000	1.290000	0.716150
0.390000	1.320000	0.689926
0.390000	1.350000	0.662266
0.390000	1.380000	0.633290
0.390000	1.410000	0.603137
0.390000	1.440000	0.571951
0.390000	1.470000	0.539840
0.390000	1.500000	0.507452
0.390000	1.530000	0.480291
0.390000	1.560000	0.452240
0.390000	1.590000	0.424376
0.390000	1.620000	0.397027
0.390000	1.650000	0.370422
0.390000	1.680000	0.344742
0.390000	1.710000	0.320134
0.390000	1.740000	0.296710
0.390000	1.770000	0.274546
0.390000	1.800000	0.253691
0.390000	1.830000	0.234164
0.390000	1.860000	0.215960
0.390000	1.890000	0.199054
0.390000	1.920000	0.183407
0.390000	1.950000	0.168965
0.390000	1.980000	0.155667
0.390000	2.010000	0.143448
0.390000	2.040000	0.132237
0.390000	2.070000	0.121964
0.390000	2.100000	0.112559
0.390000	2.130000	0.103955
0.390000	2.160000	0.096085
0.390000	2.190000	0.088890
0.390000	2.220000	0.082310
0.390000	2.250000	0.076292
0.390000	2.280000	0.070786
0.390000	2.310000	0.065746
0.390000	2.340000	0.061130
0.390000	2.370000	0.056900
0.390000	2.400000	0.053020
0.390000	2.430000	0.049459
0.390000	2.460000	0.046187
0.390000	2.490000	0.043178
0.390000	2.520000	0.040409
0.390000	2.550000	0.037858
0.390000	2.580000	0.035505
0.390000	2.610000	0.033333
0.390000	2.640000	0.298021
0.390000	2.670000	0.372035
0.390000	2.700000	0.385229
0.390000	2.730000	0.387604
0.390000	2.760000	0.388387
0.390000	2.790000	0.388917
0.390000	2.820000	0.389378
0.390000	2.850000	0.389799
0.390000	2.880000	0.390185
0.390000	2.910000	0.390539
0.390000	2.940000	0.390840
0.390000	2.970000	0.390852
0.390000	3.000000	0.388073
0.430000	0.030000	0.983196
0.430000	0.060000	0.992983
0.430000	0.090000	0.993572
0.430000	0.120000	0.993126
0.430000	0.150000	0.992521
0.430000	0.180000	0.991847
0.430000	0.210000	0.991107
0.430000	0.240000	0.990295
0.430000	0.270000	0.989405
0.430000	0.300000	0.988428
0.430000	0.330000	0.987354
0.430000	0.360000	0.986172
0.430000	0.390000	0.984870
0.430000	0.420000	0.983435
0.430000	0.450000	0.981851
0.430000	0.480000	0.980101
0.430000	0.510000	0.978166
0.430000	0.540000	0.976024
0.430000	0.570000	0.973651
0.430000	0.600000	0.971019
0.430000	0.630000	0.968099
0.430000	0.660000	0.964857
0.430000	0.690000	0.961254
0.430000	0.720000	0.957248
0.430000	0.750000	0.952793
0.430000	0.780000	0.947837
0.430000	0.810000	0.942322
0.430000	0.840000	0.936186
0.430000	0.870000	0.929360
0.430000	0.900000	0.921771
0.430000	0.930000	0.913340
0.430000	0.960000	0.903982
0.430000	0.990000	0.893608
0.430000	1.020000	0.882128
0.430000	1.050000	0.869451
0.430000	1.080000	0.855483
0.430000	1.110000	0.840140
0.430000	1.140000	0.823341
0.430000	1.170000	0.805020
0.430000	1.200000	0.785125
0.430000	1.230000	0.763627
0.430000	1.260000	0.740521
0.430000	1.290000	0.715831
0.430000	1.320000	0.689616
0.430000	1.350000	0.661966
0.430000	1.380000	0.633000
0.430000	1.410000	0.602858
0.430000	1.440000	0.571682
0.430000	1.470000	0.539581
0.430000	1.500000	0.507201
0.430000	1.530000	0.480080
0.430000	1.560000	0.452047
0.430000	1.590000	0.424199
0.430000	1.620000	0.396865
0.430000	1.650000	0.370273
0.430000	1.680000	0.344607
0.430000	1.710000	0.320012
0.430000	1.740000	0.296599
0.430000	1.770000	0.274447
0.430000	1.800000	0.253603
0.430000	1.830000	0.234085
0.430000	1.860000	0.215889
0.430000	1.890000	0.198992
0.430000	1.920000	0.183352
0.430000	1.950000	0.168917
0.430000	1.980000	0.155626
0.430000	2.010000	0.143412
0.430000	2.040000	0.132206
0.430000	2.070000	0.121937
0.430000	2.100000	0.112536
0.430000	2.130000	0.103935
0.430000	2.160000	0.096069
0.430000	2.190000	0.088876
0.430000	2.220000	0.082299
0.430000	2.250000	0.076283
0.430000	2.280000	0.070779
0.430000	2.310000	0.065741
0.430000	2.340000	0.061127
0.430000	2.370000	0.056898
0.430000	2.400000	0.053019
0.430000	2.430000	0.049459
0.430000	2.460000	0.046188
0.430000	2.490000	0.043180
0.430000	2.520000	0.040411
0.430000	2.550000	0.324633
0.430000	2.580000	0.406777
0.430000	2.610000	0.422331
0.430000	2.640000	0.425360
0.430000	2.670000	0.426430
0.430000	2.700000	0.427165
0.430000	2.730000	0.427804
0.430000	2.760000	0.428386
0.430000	2.790000	0.428920
0.430000	2.820000	0.429410
0.430000	2.850000	0.429862
0.430000	2.880000	0.430277
0.430000	2.910000	0.430658
0.430000	2.940000	0.430981
0.430000	2.970000	0.430984
0.430000	3.000000	0.427901
0.470000	0.030000	0.983178
0.470000	0.060000	0.992956
0.470000	0.090000	0.993538
0.470000	0.120000	0.993085
0.470000	0.150000	0.992473
0.470000	0.180000	0.991791
0.470000	0.210000	0.991044
0.470000	0.240000	0.990225
0.470000	0.270000	0.989328
0.470000	0.300000	0.988343
0.470000	0.330000	0.987261
0.470000	0.360000	0.986072
0.470000	0.390000	0.984762
0.470000	0.420000	0.983319
0.470000	0.450000	0.981727
0.470000	0.480000	0.979969
0.470000	0.510000	0.978026
0.470000	0.540000	0.975876
0.470000	0.570000	0.973495
0.470000	0.600000	0.970856
0.470000	0.630000	0.967928
0.470000	0.660000	0.964678
0.470000	0.690000	0.961067
0.470000	0.720000	0.957054
0.470000	0.750000	0.952591
0.470000	0.780000	0.947627
0.470000	0.810000	0.942105
0.470000	0.840000	0.935962
0.470000	0.870000	0.929130
0.470000	0.900000	0.921535
0.470000	0.930000	0.913097
0.470000	0.960000	0.903733
0.470000	0.990000	0.893355
0.470000	1.020000	0.881871
0.470000	1.050000	0.869189
0.470000	1.080000	0.855218
0.470000	1.110000	0.839872
0.470000	1.140000	0.823072
0.470000	1.170000	0.804751
0.470000	1.200000	0.784856
0.470000	1.230000	0.763359
0.470000	1.260000	0.740255
0.470000	1.290000	0.715569
0.470000	1.320000	0.689358
0.470000	1.350000	0.661713
0.470000	1.380000	0.632752
0.470000	1.410000	0.602616
0.470000	1.440000	0.571448
0.470000	1.470000	0.539353
0.470000	1.500000	0.506980
0.470000	1.530000	0.479884
0.470000	1.560000	0.451864
0.470000	1.590000	0.424028
0.470000	1.620000	0.396705
0.470000	1.650000	0.370123
0.470000	1.680000	0.344467
0.470000	1.710000	0.319882
0.470000	1.740000	0.296480
0.470000	1.770000	0.274337
0.470000	1.800000	0.253501
0.470000	1.830000	0.233992
0.470000	1.860000	0.215804
0.470000	1.890000	0.198914
0.470000	1.920000	0.183281
0.470000	1.950000	0.168852
0.470000	1.980000	0.155566
0.470000	2.010000	0.143358
0.470000	2.040000	0.132157
0.470000	2.070000	0.121893
0.470000	2.100000	0.112496
0.470000	2.130000	0.103899
0.470000	2.160000	0.096036
0.470000	2.190000	0.088846
0.470000	2.220000	0.082272
0.470000	2.250000	0.076258
0.470000	2.280000	0.070757
0.470000	2.310000	0.065721
0.470000	2.340000	0.061109
0.470000	2.370000	0.056881
0.470000	2.400000	0.053004
0.470000	2.430000	0.049445
0.470000	2.460000	0.347783
0.470000	2.490000	0.438729
0.470000	2.520000	0.457584
0.470000	2.550000	0.461667
0.470000	2.580000	0.463217
0.470000	2.610000	0.464291
0.470000	2.640000	0.465221
0.470000	2.670000	0.466063
0.470000	2.700000	0.466831
0.470000	2.730000	0.467534
0.470000	2.760000	0.468179
0.470000	2.790000	0.468771
0.470000	2.820000	0.469315
0.470000	2.850000	0.469815
0.470000	2.880000	0.470276
0.470000	2.910000	0.470698
0.470000	2.940000	0.471057
0.470000	2.970000	0.471065
0.470000	3.000000	0.467701
0.510000	0.030000	0.983165
0.510000	0.060000	0.992941
0.510000	0.090000	0.993522
0.510000	0.120000	0.993067
0.510000	0.150000	0.992453
0.510000	0.180000	0.991770
0.510000	0.210000	0.991021
0.510000	0.240000	0.990201
0.510000	0.270000	0.989302
0.510000	0.300000	0.988316
0.510000	0.330000	0.987233
0.510000	0.360000	0.986042
0.510000	0.390000	0.984731
0.510000	0.420000	0.983287
0.510000	0.450000	0.981693
0.510000	0.480000	0.979934
0.510000	0.510000	0.977989
0.510000	0.540000	0.975837
0.510000	0.570000	0.973455
0.510000	0.600000	0.970814
0.510000	0.630000	0.967884
0.510000	0.660000	0.964632
0.510000	0.690000	0.961020
0.510000	0.720000	0.957004
0.510000	0.750000	0.952540
0.510000	0.780000	0.947574
0.510000	0.810000	0.942051
0.510000	0.840000	0.935906
0.510000	0.870000	0.929072
0.510000	0.900000	0.921475
0.510000	0.930000	0.913036
0.510000	0.960000	0.903670
0.510000	0.990000	0.893291
0.510000	1.020000	0.881805
0.510000	1.050000	0.869122
0.510000	1.080000	0.855150
0.510000	1.110000	0.839803
0.510000	1.140000	0.823002
0.510000	1.170000	0.804680
0.510000	1.200000	0.784785
0.510000	1.230000	0.763287
0.510000	1.260000	0.740183
0.510000	1.290000	0.715497
0.510000	1.320000	0.689287
0.510000	1.350000	0.661642
0.510000	1.380000	0.632683
0.510000	1.410000	0.602548
0.510000	1.440000	0.571381
0.510000	1.470000	0.539288
0.510000	1.500000	0.506916
0.510000	1.530000	0.479825
0.510000	1.560000	0.451809
0.510000	1.590000	0.423976
0.510000	1.620000	0.396655
0.510000	1.650000	0.370077
0.510000	1.680000	0.344424
0.510000	1.710000	0.319842
0.510000	1.740000	0.296441
0.510000	1.770000	0.274301
0.510000	1.800000	0.253468
0.510000	1.830000	0.233961
0.510000	1.860000	0.215776
0.510000	1.890000	0.198887
0.510000	1.920000	0.183256
0.510000	1.950000	0.168829
0.510000	1.980000	0.155545
0.510000	2.010000	0.143339
0.510000	2.040000	0.132139
0.510000	2.070000	0.121876
0.510000	2.100000	0.112481
0.510000	2.130000	0.103885
0.510000	2.160000	0.096023
0.510000	2.190000	0.088834
0.510000	2.220000	0.082261
0.510000	2.250000	0.076248
0.510000	2.280000	0.070747
0.510000	2.310000	0.065712
0.510000	2.340000	0.061101
0.510000	2.370000	0.366055
0.510000	2.400000	0.466354
0.510000	2.430000	0.489782
0.510000	2.460000	0.495554
0.510000	2.490000	0.497913
0.510000	2.520000	0.499555
0.510000	2.550000	0.500963
0.510000	2.580000	0.502230
0.510000	2.610000	0.503382
0.510000	2.640000	0.504431
0.510000	2.670000	0.505389
0.510000	2.700000	0.506264
0.510000	2.730000	0.507065
0.510000	2.760000	0.507799
0.510000	2.790000	0.508472
0.510000	2.820000	0.509090
0.510000	2.850000	0.509659
0.510000	2.880000	0.510182
0.510000	2.910000	0.510662
0.510000	2.940000	0.511071
0.510000	2.970000	0.511101
0.510000	3.000000	0.507480
0.550000	0.030000	0.983183
0.550000	0.060000	0.992963
0.550000	0.090000	0.993547
0.550000	0.120000	0.993096
0.550000	0.150000	0.992485
0.550000	0.180000	0.991805
0.550000	0.210000	0.991059
0.550000	0.240000	0.990242
0.550000	0.270000	0.989346
0.550000	0.300000	0.988363
0.550000	0.330000	0.987283
0.550000	0.360000	0.986095
0.550000	0.390000	0.984788
0.550000	0.420000	0.983346
0.550000	0.450000	0.981756
0.550000	0.480000	0.980000
0.550000	0.510000	0.978059
0.550000	0.540000	0.975910
0.550000	0.570000	0.973531
0.550000	0.600000	0.970893
0.550000	0.630000	0.967967
0.550000	0.660000	0.964719
0.550000	0.690000	0.961110
0.550000	0.720000	0.957098
0.550000	0.750000	0.952637
0.550000	0.780000	0.947675
0.550000	0.810000	0.942155
0.550000	0.840000	0.936013
0.550000	0.870000	0.929183
0.550000	0.900000	0.921589
0.550000	0.930000	0.913153
0.550000	0.960000	0.903790
0.550000	0.990000	0.893413
0.550000	1.020000	0.881930
0.550000	1.050000	0.869249
0.550000	1.080000	0.855279
0.550000	1.110000	0.839934
0.550000	1.140000	0.823135
0.550000	1.170000	0.804813
0.550000	1.200000	0.784919
0.550000	1.230000	0.763422
0.550000	1.260000	0.740317
0.550000	1.290000	0.715630
0.550000	1.320000	0.689419
0.550000	1.350000	0.661773
0.550000	1.380000	0.632811
0.550000	1.410000	0.602674
0.550000	1.440000	0.571503
0.550000	1.470000	0.539408
0.550000	1.500000	0.507033
0.550000	1.530000	0.479931
0.550000	1.560000	0.451908
0.550000	1.590000	0.424069
0.550000	1.620000	0.396743
0.550000	1.650000	0.370160
0.550000	1.680000	0.344502
0.550000	1.710000	0.319914
0.550000	1.740000	0.296509
0.550000	1.770000	0.274364
0.550000	1.800000	0.253526
0.550000	1.830000	0.234015
0.550000	1.860000	0.215826
0.550000	1.890000	0.198934
0.550000	1.920000	0.183299
0.550000	1.950000	0.168868
0.550000	1.980000	0.155582
0.550000	2.010000	0.143372
0.550000	2.040000	0.132170
0.550000	2.070000	0.121904
0.550000	2.100000	0.112507
0.550000	2.130000	0.103908
0.550000	2.160000	0.096045
0.550000	2.190000	0.088854
0.550000	2.220000	0.082279
0.550000	2.250000	0.360425
0.550000	2.280000	0.471942
0.550000	2.310000	0.506015
0.550000	2.340000	0.516872
0.550000	2.370000	0.521871
0.550000	2.400000	0.525320
0.550000	2.430000	0.528209
0.550000	2.460000	0.530772
0.550000	2.490000	0.533081
0.550000	2.520000	0.535170
0.550000	2.550000	0.537063
0.550000	2.580000	0.538782
0.550000	2.610000	0.540344
0.550000	2.640000	0.541766
0.550000	2.670000	0.543062
0.550000	2.700000	0.544245
0.550000	2.730000	0.545326
0.550000	2.760000	0.546315
0.550000	2.790000	0.547222
0.550000	2.820000	0.548054
0.550000	2.850000	0.548819
0.550000	2.880000	0.549522
0.550000	2.910000	0.550166
0.550000	2.940000	0.550728
0.550000	2.970000	0.550887
0.550000	3.000000	0.547144
0.590000	0.030000	0.983164
0.590000	0.060000	0.992940
0.590000	0.090000	0.993521
0.590000	0.120000	0.993067
0.590000	0.150000	0.992453
0.590000	0.180000	0.991770
0.590000	0.210000	0.991022
0.590000	0.240000	0.990202
0.590000	0.270000	0.989303
0.590000	0.300000	0.988317
0.590000	0.330000	0.987234
0.590000	0.360000	0.986044
0.590000	0.390000	0.984733
0.590000	0.420000	0.983289
0.590000	0.450000	0.981695
0.590000	0.480000	0.979936
0.590000	0.510000	0.977992
0.590000	0.540000	0.975840
0.590000	0.570000	0.973458
0.590000	0.600000	0.970817
0.590000	0.630000	0.967888
0.590000	0.660000	0.964636
0.590000	0.690000	0.961024
0.590000	0.720000	0.957009
0.590000	0.750000	0.952545
0.590000	0.780000	0.947579
0.590000	0.810000	0.942056
0.590000	0.840000	0.935911
0.590000	0.870000	0.929077
0.590000	0.900000	0.921480
0.590000	0.930000	0.913041
0.590000	0.960000	0.903676
0.590000	0.990000	0.893296
0.590000	1.020000	0.881811
0.590000	1.050000	0.869128
0.590000	1.080000	0.855156
0.590000	1.110000	0.839809
0.590000	1.140000	0.823008
0.590000	1.170000	0.804686
0.590000	1.200000	0.784791
0.590000	1.230000	0.763293
0.590000	1.260000	0.740189
0.590000	1.290000	0.715503
0.590000	1.320000	0.689293
0.590000	1.350000	0.661648
0.590000	1.380000	0.632689
0.590000	1.410000	0.602554
0.590000	1.440000	0.571387
0.590000	1.470000	0.539294
0.590000	1.500000	0.506921
0.590000	1.530000	0.479830
0.590000	1.560000	0.451813
0.590000	1.590000	0.423979
0.590000	1.620000	0.396659
0.590000	1.650000	0.370080
0.590000	1.680000	0.344427
0.590000	1.710000	0.319844
0.590000	1.740000	0.296444
0.590000	1.770000	0.274304
0.590000	1.800000	0.253470
0.590000	1.830000	0.233963
0.590000	1.860000	0.215777
0.590000	1.890000	0.198889
0.590000	1.920000	0.183258
0.590000	1.950000	0.168830
0.590000	1.980000	0.155547
0.590000	2.010000	0.143340
0.590000	2.040000	0.132140
0.590000	2.070000	0.121877
0.590000	2.100000	0.112482
0.590000	2.130000	0.103885
0.590000	2.160000	0.356304
0.590000	2.190000	0.475576
0.590000	2.220000	0.519596
0.590000	2.250000	0.536129
0.590000	2.280000	0.544293
0.590000	2.310000	0.549870
0.590000	2.340000	0.554442
0.590000	2.370000	0.558446
0.590000	2.400000	0.562023
0.590000	2.430000	0.565238
0.590000	2.460000	0.568137
0.590000	2.490000	0.570754
0.590000	2.520000	0.573121
0.590000	2.550000	0.575265
0.590000	2.580000	0.577209
0.590000	2.610000	0.578975
0.590000	2.640000	0.580582
0.590000	2.670000	0.582045
0.590000	2.700000	0.583378
0.590000	2.730000	0.584597
0.590000	2.760000	0.585711
0.590000	2.790000	0.586731
0.590000	2.820000	0.587667
0.590000	2.850000	0.588526
0.590000	2.880000	0.589315
0.590000	2.910000	0.590038
0.590000	2.940000	0.590670
0.590000	2.970000	0.590871
0.590000	3.000000	0.586897
0.630000	0.030000	0.983120
0.630000	0.060000	0.992895
0.630000	0.090000	0.993478
0.630000	0.120000	0.993027
0.630000	0.150000	0.992416
0.630000	0.180000	0.991735
0.630000	0.210000	0.990990
0.630000	0.240000	0.990173
0.630000	0.270000	0.989277
0.630000	0.300000	0.988294
0.630000	0.330000	0.987215
0.630000	0.360000	0.986027
0.630000	0.390000	0.984719
0.630000	0.420000	0.983278
0.630000	0.450000	0.981688
0.630000	0.480000	0.979932
0.630000	0.510000	0.977991
0.630000	0.540000	0.975842
0.630000	0.570000	0.973462
0.630000	0.600000	0.970824
0.630000	0.630000	0.967898
0.630000	0.660000	0.964648
0.630000	0.690000	0.961038
0.630000	0.720000	0.957025
0.630000	0.750000	0.952562
0.630000	0.780000	0.947598
0.630000	0.810000	0.942076
0.630000	0.840000	0.935932
0.630000	0.870000	0.929098
0.630000	0.900000	0.921502
0.630000	0.930000	0.913063
0.630000	0.960000	0.903696
0.630000	0.990000	0.893315
0.630000	1.020000	0.881829
0.630000	1.050000	0.869144
0.630000	1.080000	0.855170
0.630000	1.110000	0.839821
0.630000	1.140000	0.823017
0.630000	1.170000	0.804691
0.630000	1.200000	0.784793
0.630000	1.230000	0.763292
0.630000	1.260000	0.740184
0.630000	1.290000	0.715495
0.630000	1.320000	0.689281
0.630000	1.350000	0.661633
0.630000	1.380000	0.632669
0.630000	1.410000	0.602532
0.630000	1.440000	0.571361
0.630000	1.470000	0.539266
0.630000	1.500000	0.506893
0.630000	1.530000	0.479796
0.630000	1.560000	0.451779
0.630000	1.590000	0.423945
0.630000	1.620000	0.396625
0.630000	1.650000	0.370046
0.630000	1.680000	0.344393
0.630000	1.710000	0.319810
0.630000	1.740000	0.296410
0.630000	1.770000	0.274270
0.630000	1.800000	0.253437
0.630000	1.830000	0.233930
0.630000	1.860000	0.215746
0.630000	1.890000	0.198858
0.630000	1.920000	0.183228
0.630000	1.950000	0.168802
0.630000	1.980000	0.155519
0.630000	2.010000	0.143313
0.630000	2.040000	0.132115
0.630000	2.070000	0.121853
0.630000	2.100000	0.112459
0.630000	2.130000	0.395918
0.630000	2.160000	0.521209
0.630000	2.190000	0.564307
0.630000	2.220000	0.579637
0.630000	2.250000	0.587082
0.630000	2.280000	0.592219
0.630000	2.310000	0.596478
0.630000	2.340000	0.600231
0.630000	2.370000	0.603595
0.630000	2.400000	0.606625
0.630000	2.430000	0.609361
0.630000	2.460000	0.611833
0.630000	2.490000	0.614071
0.630000	2.520000	0.616098
0.630000	2.550000	0.617936
0.630000	2.580000	0.619606
0.630000	2.610000	0.621124
0.630000	2.640000	0.622506
0.630000	2.670000	0.623765
0.630000	2.700000	0.624915
0.630000	2.730000	0.625965
0.630000	2.760000	0.626926
0.630000	2.790000	0.627806
0.630000	2.820000	0.628614
0.630000	2.850000	0.629356
0.630000	2.880000	0.630038
0.630000	2.910000	0.630662
0.630000	2.940000	0.631198
0.630000	2.970000	0.631268
0.630000	3.000000	0.626844
0.670000	0.030000	0.983130
0.670000	0.060000	0.992908
0.670000	0.090000	0.993494
0.670000	0.120000	0.993045
0.670000	0.150000	0.992436
0.670000	0.180000	0.991758
0.670000	0.210000	0.991015
0.670000	0.240000	0.990201
0.670000	0.270000	0.989308
0.670000	0.300000	0.988328
0.670000	0.330000	0.987251
0.670000	0.360000	0.986066
0.670000	0.390000	0.984762
0.670000	0.420000	0.983323
0.670000	0.450000	0.981736
0.670000	0.480000	0.979983
0.670000	0.510000	0.978044
0.670000	0.540000	0.975899
0.670000	0.570000	0.973522
0.670000	0.600000	0.970887
0.670000	0.630000	0.967963
0.670000	0.660000	0.964716
0.670000	0.690000	0.961109
0.670000	0.720000	0.957099
0.670000	0.750000	0.952639
0.670000	0.780000	0.947678
0.670000	0.810000	0.942158
0.670000	0.840000	0.936017
0.670000	0.870000	0.929186
0.670000	0.900000	0.921592
0.670000	0.930000	0.913156
0.670000	0.960000	0.903792
0.670000	0.990000	0.893413
0.670000	1.020000	0.881928
0.670000	1.050000	0.869245
0.670000	1.080000	0.855273
0.670000	1.110000	0.839925
0.670000	1.140000	0.823122
0.670000	1.170000	0.804797
0.670000	1.200000	0.784899
0.670000	1.230000	0.763398
0.670000	1.260000	0.740289
0.670000	1.290000	0.715599
0.670000	1.320000	0.689384
0.670000	1.350000	0.661734
0.670000	1.380000	0.632769
0.670000	1.410000	0.602628
0.670000	1.440000	0.571456
0.670000	1.470000	0.539358
0.670000	1.500000	0.506981
0.670000	1.530000	0.479878
0.670000	1.560000	0.451857
0.670000	1.590000	0.424019
0.670000	1.620000	0.396694
0.670000	1.650000	0.370112
0.670000	1.680000	0.344454
0.670000	1.710000	0.319868
0.670000	1.740000	0.296464
0.670000	1.770000	0.274321
0.670000	1.800000	0.253484
0.670000	1.830000	0.233974
0.670000	1.860000	0.215787
0.670000	1.890000	0.198896
0.670000	1.920000	0.183263
0.670000	1.950000	0.168834
0.670000	1.980000	0.155549
0.670000	2.010000	0.143341
0.670000	2.040000	0.132141
0.670000	2.070000	0.121877
0.670000	2.100000	0.432959
0.670000	2.130000	0.564048
0.670000	2.160000	0.606827
0.670000	2.190000	0.621430
0.670000	2.220000	0.628438
0.670000	2.250000	0.633315
0.670000	2.280000	0.637395
0.670000	2.310000	0.641009
0.670000	2.340000	0.644259
0.670000	2.370000	0.647194
0.670000	2.400000	0.649847
0.670000	2.430000	0.652248
0.670000	2.460000	0.654424
0.670000	2.490000	0.656397
0.670000	2.520000	0.658188
0.670000	2.550000	0.659815
0.670000	2.580000	0.661295
0.670000	2.610000	0.662643
0.670000	2.640000	0.663872
0.670000	2.670000	0.664994
0.670000	2.700000	0.666018
0.670000	2.730000	0.666956
0.670000	2.760000	0.667815
0.670000	2.790000	0.668602
0.670000	2.820000	0.669326
0.670000	2.850000	0.669991
0.670000	2.880000	0.670603
0.670000	2.910000	0.671162
0.670000	2.940000	0.671634
0.670000	2.970000	0.671604
0.670000	3.000000	0.666760
0.710000	0.030000	0.983135
0.710000	0.060000	0.992912
0.710000	0.090000	0.993497
0.710000	0.120000	0.993046
0.710000	0.150000	0.992436
0.710000	0.180000	0.991757
0.710000	0.210000	0.991013
0.710000	0.240000	0.990197
0.710000	0.270000	0.989303
0.710000	0.300000	0.988321
0.710000	0.330000	0.987243
0.710000	0.360000	0.986057
0.710000	0.390000	0.984751
0.710000	0.420000	0.983311
0.710000	0.450000	0.981722
0.710000	0.480000	0.979968
0.710000	0.510000	0.978028
0.710000	0.540000	0.975881
0.710000	0.570000	0.973503
0.710000	0.600000	0.970866
0.710000	0.630000	0.967941
0.710000	0.660000	0.964693
0.710000	0.690000	0.961085
0.710000	0.720000	0.957074
0.710000	0.750000	0.952613
0.710000	0.780000	0.947651
0.710000	0.810000	0.942130
0.710000	0.840000	0.935988
0.710000	0.870000	0.929157
0.710000	0.900000	0.921562
0.710000	0.930000	0.913125
0.710000	0.960000	0.903761
0.710000	0.990000	0.893382
0.710000	1.020000	0.881897
0.710000	1.050000	0.869214
0.710000	1.080000	0.855241
0.710000	1.110000	0.839894
0.710000	1.140000	0.823091
0.710000	1.170000	0.804767
0.710000	1.200000	0.784869
0.710000	1.230000	0.763369
0.710000	1.260000	0.740262
0.710000	1.290000	0.715573
0.710000	1.320000	0.689359
0.710000	1.350000	0.661710
0.710000	1.380000	0.632746
0.710000	1.410000	0.602607
0.710000	1.440000	0.571435
0.710000	1.470000	0.539338
0.710000	1.500000	0.506962
0.710000	1.530000	0.479865
0.710000	1.560000	0.451846
0.710000	1.590000	0.424010
0.710000	1.620000	0.396687
0.710000	1.650000	0.370106
0.710000	1.680000	0.344449
0.710000	1.710000	0.319865
0.710000	1.740000	0.296462
0.710000	1.770000	0.274319
0.710000	1.800000	0.253483
0.710000	1.830000	0.233974
0.710000	1.860000	0.215787
0.710000	1.890000	0.198897
0.710000	1.920000	0.183265
0.710000	1.950000	0.168836
0.710000	1.980000	0.155552
0.710000	2.010000	0.143344
0.710000	2.040000	0.132143
0.710000	2.070000	0.121880
0.710000	2.100000	0.112484
0.710000	2.130000	0.507828
0.710000	2.160000	0.641934
0.710000	2.190000	0.675008
0.710000	2.220000	0.683770
0.710000	2.250000	0.687563
0.710000	2.280000	0.690250
0.710000	2.310000	0.692560
0.710000	2.340000	0.694635
0.710000	2.370000	0.696517
0.710000	2.400000	0.698227
0.710000	2.430000	0.699782
0.710000	2.460000	0.701195
0.710000	2.490000	0.702482
0.710000	2.520000	0.703653
0.710000	2.550000	0.704721
0.710000	2.580000	0.705695
0.710000	2.610000	0.706584
0.710000	2.640000	0.707397
0.710000	2.670000	0.708141
0.710000	2.700000	0.708822
0.710000	2.730000	0.709446
0.710000	2.760000	0.710019
0.710000	2.790000	0.710546
0.710000	2.820000	0.711030
0.710000	2.850000	0.711476
0.710000	2.880000	0.711886
0.710000	2.910000	0.712260
0.710000	2.940000	0.712551
0.710000	2.970000	0.712291
0.710000	3.000000	0.706840
0.750000	0.030000	0.983125
0.750000	0.060000	0.992902
0.750000	0.090000	0.993486
0.750000	0.120000	0.993036
0.750000	0.150000	0.992426
0.750000	0.180000	0.991747
0.750000	0.210000	0.991003
0.750000	0.240000	0.990187
0.750000	0.270000	0.989293
0.750000	0.300000	0.988312
0.750000	0.330000	0.987233
0.750000	0.360000	0.986047
0.750000	0.390000	0.984741
0.750000	0.420000	0.983301
0.750000	0.450000	0.981713
0.750000	0.480000	0.979958
0.750000	0.510000	0.978018
0.750000	0.540000	0.975871
0.750000	0.570000	0.973493
0.750000	0.600000	0.970856
0.750000	0.630000	0.967931
0.750000	0.660000	0.964683
0.750000	0.690000	0.961074
0.750000	0.720000	0.957063
0.750000	0.750000	0.952602
0.750000	0.780000	0.947640
0.750000	0.810000	0.942119
0.750000	0.840000	0.935977
0.750000	0.870000	0.929145
0.750000	0.900000	0.921551
0.750000	0.930000	0.913113
0.750000	0.960000	0.903749
0.750000	0.990000	0.893369
0.750000	1.020000	0.881884
0.750000	1.050000	0.869200
0.750000	1.080000	0.855228
0.750000	1.110000	0.839880
0.750000	1.140000	0.823077
0.750000	1.170000	0.804752
0.750000	1.200000	0.784855
0.750000	1.230000	0.763355
0.750000	1.260000	0.740247
0.750000	1.290000	0.715557
0.750000	1.320000	0.689343
0.750000	1.350000	0.661695
0.750000	1.380000	0.632731
0.750000	1.410000	0.602592
0.750000	1.440000	0.571421
0.750000	1.470000	0.539324
0.750000	1.500000	0.506949
0.750000	1.530000	0.479850
0.750000	1.560000	0.451830
0.750000	1.590000	0.423994
0.750000	1.620000	0.396671
0.750000	1.650000	0.370091
0.750000	1.680000	0.344435
0.750000	1.710000	0.319850
0.750000	1.740000	0.296448
0.750000	1.770000	0.274305
0.750000	1.800000	0.253471
0.750000	1.830000	0.233962
0.750000	1.860000	0.215775
0.750000	1.890000	0.198886
0.750000	1.920000	0.183254
0.750000	1.950000	0.168826
0.750000	1.980000	0.155542
0.750000	2.010000	0.143334
0.750000	2.040000	0.503784
0.750000	2.070000	0.645972
0.750000	2.100000	0.689013
0.750000	2.130000	0.702868
0.750000	2.160000	0.709419
0.750000	2.190000	0.714045
0.750000	2.220000	0.717967
0.750000	2.250000	0.721470
0.750000	2.280000	0.724637
0.750000	2.310000	0.727506
0.750000	2.340000	0.730108
0.750000	2.370000	0.732467
0.750000	2.400000	0.734608
0.750000	2.430000	0.736552
0.750000	2.460000	0.738318
0.750000	2.490000	0.739923
0.750000	2.520000	0.741383
0.750000	2.550000	0.742713
0.750000	2.580000	0.743924
0.750000	2.610000	0.745029
0.750000	2.640000	0.746038
0.750000	2.670000	0.746961
0.750000	2.700000	0.747805
0.750000	2.730000	0.748578
0.750000	2.760000	0.749287
0.750000	2.790000	0.749939
0.750000	2.820000	0.750537
0.750000	2.850000	0.751088
0.750000	2.880000	0.751595
0.750000	2.910000	0.752058
0.750000	2.940000	0.752431
0.750000	2.970000	0.752228
0.750000	3.000000	0.746573
0.790000	0.030000	0.983117
0.790000	0.060000	0.992893
0.790000	0.090000	0.993477
0.790000	0.120000	0.993026
0.790000	0.150000	0.992417
0.790000	0.180000	0.991738
0.790000	0.210000	0.990993
0.790000	0.240000	0.990177
0.790000	0.270000	0.989283
0.790000	0.300000	0.988301
0.790000	0.330000	0.987223
0.790000	0.360000	0.986036
0.790000	0.390000	0.984730
0.790000	0.420000	0.983290
0.790000	0.450000	0.981701
0.790000	0.480000	0.979946
0.790000	0.510000	0.978006
0.790000	0.540000	0.975859
0.790000	0.570000	0.973480
0.790000	0.600000	0.970843
0.790000	0.630000	0.967918
0.790000	0.660000	0.964669
0.790000	0.690000	0.961061
0.790000	0.720000	0.957049
0.790000	0.750000	0.952587
0.790000	0.780000	0.947625
0.790000	0.810000	0.942103
0.790000	0.840000	0.935961
0.790000	0.870000	0.929129
0.790000	0.900000	0.921533
0.790000	0.930000	0.913096
0.790000	0.960000	0.903731
0.790000	0.990000	0.893351
0.790000	1.020000	0.881866
0.790000	1.050000	0.869182
0.790000	1.080000	0.855209
0.790000	1.110000	0.839861
0.790000	1.140000	0.823058
0.790000	1.170000	0.804733
0.790000	1.200000	0.784835
0.790000	1.230000	0.763335
0.790000	1.260000	0.740228
0.790000	1.290000	0.715538
0.790000	1.320000	0.689324
0.790000	1.350000	0.661676
0.790000	1.380000	0.632713
0.790000	1.410000	0.602574
0.790000	1.440000	0.571404
0.790000	1.470000	0.539308
0.790000	1.500000	0.506934
0.790000	1.530000	0.479833
0.790000	1.560000	0.451813
0.790000	1.590000	0.423977
0.790000	1.620000	0.396655
0.790000	1.650000	0.370074
0.790000	1.680000	0.344419
0.790000	1.710000	0.319835
0.790000	1.740000	0.296433
0.790000	1.770000	0.274291
0.790000	1.800000	0.253457
0.790000	1.830000	0.233948
0.790000	1.860000	0.215762
0.790000	1.890000	0.198874
0.790000	1.920000	0.459364
0.790000	1.950000	0.600823
0.790000	1.980000	0.662108
0.790000	2.010000	0.688843
0.790000	2.040000	0.703209
0.790000	2.070000	0.713217
0.790000	2.100000	0.721423
0.790000	2.130000	0.728616
0.790000	2.160000	0.735059
0.790000	2.190000	0.740866
0.790000	2.220000	0.746108
0.790000	2.250000	0.750843
0.790000	2.280000	0.755121
0.790000	2.310000	0.758987
0.790000	2.340000	0.762483
0.790000	2.370000	0.765645
0.790000	2.400000	0.768508
0.790000	2.430000	0.771102
0.790000	2.460000	0.773454
0.790000	2.490000	0.775588
0.790000	2.520000	0.777526
0.790000	2.550000	0.779288
0.790000	2.580000	0.780892
0.790000	2.610000	0.782354
0.790000	2.640000	0.783686
0.790000	2.670000	0.784903
0.790000	2.700000	0.786016
0.790000	2.730000	0.787034
0.790000	2.760000	0.787967
0.790000	2.790000	0.788823
0.790000	2.820000	0.789610
0.790000	2.850000	0.790333
0.790000	2.880000	0.790998
0.790000	2.910000	0.791607
0.790000	2.940000	0.792114
0.790000	2.970000	0.792026
0.790000	3.000000	0.786242
0.830000	0.030000	0.983132
0.830000	0.060000	0.992909
0.830000	0.090000	0.993493
0.830000	0.120000	0.993043
0.830000	0.150000	0.992434
0.830000	0.180000	0.991755
0.830000	0.210000	0.991010
0.830000	0.240000	0.990195
0.830000	0.270000	0.989301
0.830000	0.300000	0.988320
0.830000	0.330000	0.987242
0.830000	0.360000	0.986056
0.830000	0.390000	0.984750
0.830000	0.420000	0.983310
0.830000	0.450000	0.981722
0.830000	0.480000	0.979967
0.830000	0.510000	0.978027
0.830000	0.540000	0.975881
0.830000	0.570000	0.973503
0.830000	0.600000	0.970867
0.830000	0.630000	0.967941
0.830000	0.660000	0.964694
0.830000	0.690000	0.961086
0.830000	0.720000	0.957075
0.830000	0.750000	0.952614
0.830000	0.780000	0.947652
0.830000	0.810000	0.942131
0.830000	0.840000	0.935990
0.830000	0.870000	0.929158
0.830000	0.900000	0.921564
0.830000	0.930000	0.913127
0.830000	0.960000	0.903763
0.830000	0.990000	0.893384
0.830000	1.020000	0.881899
0.830000	1.050000	0.869215
0.830000	1.080000	0.855244
0.830000	1.110000	0.839896
0.830000	1.140000	0.823093
0.830000	1.170000	0.804769
0.830000	1.200000	0.784871
0.830000	1.230000	0.763371
0.830000	1.260000	0.740263
0.830000	1.290000	0.715574
0.830000	1.320000	0.689360
0.830000	1.350000	0.661711
0.830000	1.380000	0.632747
0.830000	1.410000	0.602608
0.830000	1.440000	0.571437
0.830000	1.470000	0.539340
0.830000	1.500000	0.506964
0.830000	1.530000	0.479865
0.830000	1.560000	0.451845
0.830000	1.590000	0.424009
0.830000	1.620000	0.396685
0.830000	1.650000	0.370104
0.830000	1.680000	0.344448
0.830000	1.710000	0.319862
0.830000	1.740000	0.296459
0.830000	1.770000	0.274317
0.830000	1.800000	0.253481
0.830000	1.830000	0.233972
0.830000	1.860000	0.215785
0.830000	1.890000	0.198895
0.830000	1.920000	0.525299
0.830000	1.950000	0.675266
0.830000	1.980000	0.729998
0.830000	2.010000	0.750846
0.830000	2.040000	0.761491
0.830000	2.070000	0.769021
0.830000	2.100000	0.775354
0.830000	2.130000	0.780998
0.830000	2.160000	0.786106
0.830000	2.190000	0.790742
0.830000	2.220000	0.794951
0.830000	2.250000	0.798770
0.830000	2.280000	0.802233
0.830000	2.310000	0.805375
0.830000	2.340000	0.808225
0.830000	2.370000	0.810810
0.830000	2.400000	0.813156
0.830000	2.430000	0.815286
0.830000	2.460000	0.817222
0.830000	2.490000	0.818981
0.830000	2.520000	0.820583
0.830000	2.550000	0.822041
0.830000	2.580000	0.823369
0.830000	2.610000	0.824582
0.830000	2.640000	0.825689
0.830000	2.670000	0.826701
0.830000	2.700000	0.827627
0.830000	2.730000	0.828476
0.830000	2.760000	0.829255
0.830000	2.790000	0.829970
0.830000	2.820000	0.830628
0.830000	2.850000	0.831233
0.830000	2.880000	0.831790
0.830000	2.910000	0.832298
0.830000	2.940000	0.832707
0.830000	2.970000	0.832479
0.830000	3.000000	0.826214
0.870000	0.030000	0.983131
0.870000	0.060000	0.992908
0.870000	0.090000	0.993493
0.870000	0.120000	0.993043
0.870000	0.150000	0.992433
0.870000	0.180000	0.991754
0.870000	0.210000	0.991010
0.870000	0.240000	0.990194
0.870000	0.270000	0.989300
0.870000	0.300000	0.988319
0.870000	0.330000	0.987241
0.870000	0.360000	0.986055
0.870000	0.390000	0.984749
0.870000	0.420000	0.983309
0.870000	0.450000	0.981720
0.870000	0.480000	0.979966
0.870000	0.510000	0.978026
0.870000	0.540000	0.975879
0.870000	0.570000	0.973501
0.870000	0.600000	0.970865
0.870000	0.630000	0.967940
0.870000	0.660000	0.964692
0.870000	0.690000	0.961084
0.870000	0.720000	0.957073
0.870000	0.750000	0.952612
0.870000	0.780000	0.947650
0.870000	0.810000	0.942129
0.870000	0.840000	0.935988
0.870000	0.870000	0.929156
0.870000	0.900000	0.921562
0.870000	0.930000	0.913124
0.870000	0.960000	0.903760
0.870000	0.990000	0.893381
0.870000	1.020000	0.881896
0.870000	1.050000	0.869213
0.870000	1.080000	0.855241
0.870000	1.110000	0.839893
0.870000	1.140000	0.823091
0.870000	1.170000	0.804766
0.870000	1.200000	0.784869
0.870000	1.230000	0.763369
0.870000	1.260000	0.740262
0.870000	1.290000	0.715572
0.870000	1.320000	0.689359
0.870000	1.350000	0.661710
0.870000	1.380000	0.632746
0.870000	1.410000	0.602607
0.870000	1.440000	0.571435
0.870000	1.470000	0.539339
0.870000	1.500000	0.506963
0.870000	1.530000	0.479864
0.870000	1.560000	0.451844
0.870000	1.590000	0.424008
0.870000	1.620000	0.396685
0.870000	1.650000	0.370103
0.870000	1.680000	0.344447
0.870000	1.710000	0.319862
0.870000	1.740000	0.296459
0.870000	1.770000	0.274316
0.870000	1.800000	0.253481
0.870000	1.830000	0.508420
0.870000	1.860000	0.651505
0.870000	1.890000	0.716494
0.870000	1.920000	0.746250
0.870000	1.950000	0.762777
0.870000	1.980000	0.774482
0.870000	2.010000	0.784185
0.870000	2.040000	0.792776
0.870000	2.070000	0.800544
0.870000	2.100000	0.807603
0.870000	2.130000	0.814020
0.870000	2.160000	0.819847
0.870000	2.190000	0.825133
0.870000	2.220000	0.829927
0.870000	2.250000	0.834272
0.870000	2.280000	0.838209
0.870000	2.310000	0.841776
0.870000	2.340000	0.845008
0.870000	2.370000	0.847939
0.870000	2.400000	0.850597
0.870000	2.430000	0.853009
0.870000	2.460000	0.855198
0.870000	2.490000	0.857188
0.870000	2.520000	0.858998
0.870000	2.550000	0.860646
0.870000	2.580000	0.862147
0.870000	2.610000	0.863516
0.870000	2.640000	0.864765
0.870000	2.670000	0.865908
0.870000	2.700000	0.866953
0.870000	2.730000	0.867910
0.870000	2.760000	0.868788
0.870000	2.790000	0.869594
0.870000	2.820000	0.870335
0.870000	2.850000	0.871017
0.870000	2.880000	0.871645
0.870000	2.910000	0.872218
0.870000	2.940000	0.872685
0.870000	2.970000	0.872488
0.870000	3.000000	0.865981
0.910000	0.030000	0.983359
0.910000	0.060000	0.993061
0.910000	0.090000	0.993624
0.910000	0.120000	0.993179
0.910000	0.150000	0.992582
0.910000	0.180000	0.991920
0.910000	0.210000	0.991197
0.910000	0.240000	0.990408
0.910000	0.270000	0.989545
0.910000	0.300000	0.988600
0.910000	0.330000	0.987565
0.910000	0.360000	0.986430
0.910000	0.390000	0.985183
0.910000	0.420000	0.983812
0.910000	0.450000	0.982303
0.910000	0.480000	0.980639
0.910000	0.510000	0.978804
0.910000	0.540000	0.976778
0.910000	0.570000	0.974538
0.910000	0.600000	0.972058
0.910000	0.630000	0.969313
0.910000	0.660000	0.966270
0.910000	0.690000	0.962895
0.910000	0.720000	0.959150
0.910000	0.750000	0.954992
0.910000	0.780000	0.950374
0.910000	0.810000	0.945246
0.910000	0.840000	0.939550
0.910000	0.870000	0.933226
0.910000	0.900000	0.926209
0.910000	0.930000	0.918430
0.910000	0.960000	0.909816
0.910000	0.990000	0.900292
0.910000	1.020000	0.889782
0.910000	1.050000	0.878214
0.910000	1.080000	0.865517
0.910000	1.110000	0.851631
0.910000	1.140000	0.836509
0.910000	1.170000	0.820121
0.910000	1.200000	0.802464
0.910000	1.230000	0.783571
0.910000	1.260000	0.763514
0.910000	1.290000	0.742425
0.910000	1.320000	0.720498
0.910000	1.350000	0.698016
0.910000	1.380000	0.675362
0.910000	1.410000	0.653045
0.910000	1.440000	0.631732
0.910000	1.470000	0.612269
0.910000	1.500000	0.595695
0.910000	1.530000	0.583206
0.910000	1.560000	0.576017
0.910000	1.590000	0.575101
0.910000	1.620000	0.580836
0.910000	1.650000	0.592768
0.910000	1.680000	0.609640
0.910000	1.710000	0.629744
0.910000	1.740000	0.651381
0.910000	1.770000	0.673201
0.910000	1.800000	0.694313
0.910000	1.830000	0.714229
0.910000	1.860000	0.732738
0.910000	1.890000	0.749790
0.910000	1.920000	0.765419
0.910000	1.950000	0.779693
0.910000	1.980000	0.792696
0.910000	2.010000	0.804518
0.910000	2.040000	0.815247
0.910000	2.070000	0.824970
0.910000	2.100000	0.833772
0.910000	2.130000	0.841733
0.910000	2.160000	0.848928
0.910000	2.190000	0.855428
0.910000	2.220000	0.861300
0.910000	2.250000	0.866602
0.910000	2.280000	0.871391
0.910000	2.310000	0.875719
0.910000	2.340000	0.879629
0.910000	2.370000	0.883165
0.910000	2.400000	0.886364
0.910000	2.430000	0.889261
0.910000	2.460000	0.891884
0.910000	2.490000	0.894263
0.910000	2.520000	0.896422
0.910000	2.550000	0.898383
0.910000	2.580000	0.900165
0.910000	2.610000	0.901787
0.910000	2.640000	0.903264
0.910000	2.670000	0.904610
0.910000	2.700000	0.905839
0.910000	2.730000	0.906961
0.910000	2.760000	0.907988
0.910000	2.790000	0.908927
0.910000	2.820000	0.909788
0.910000	2.850000	0.910577
0.910000	2.880000	0.911301
0.910000	2.910000	0.911961
0.910000	2.940000	0.912506
0.910000	2.970000	0.912365
0.910000	3.000000	0.905661
